#    Q20         Q30   
    298.000,    31.300 
    297.000,    31.900 
    296.000,    32.500 
    295.000,    33.000 
    294.000,    33.400 
    293.000,    33.700 
    292.000,    33.900 
    291.000,    34.100 
    290.000,    34.300 
    289.000,    34.400 
    288.000,    34.500 
    287.000,    34.600 
    286.000,    34.700 
    285.000,    34.700 
    284.000,    34.700 
    283.000,    34.700 
    282.000,    34.700 
    281.000,    34.600 
    280.000,    34.500 
    279.000,    34.400 
    278.000,    34.300 
    277.000,    34.200 
    276.000,    34.100 
    275.000,    34.000 
    274.000,    33.900 
    273.000,    33.800 
    272.000,    33.700 
    271.000,    33.600 
    270.000,    33.500 
    269.000,    33.400 
    268.000,    33.300 
    267.000,    33.200 
    266.000,    33.100 
    265.000,    33.000 
    264.000,    32.900 
    263.000,    32.800 
    262.000,    32.700 
    261.000,    32.600 
    260.000,    32.500 
    259.000,    32.400 
    258.000,    32.300 
    257.000,    32.200 
    256.000,    32.100 
    255.000,    32.000 
    254.000,    31.900 
    253.000,    31.800 
    252.000,    31.600 
    251.000,    31.400 
    250.000,    31.200 
    249.000,    31.000 
    248.000,    30.800 
    247.000,    30.600 
    246.000,    30.400 
    245.000,    30.200 
    244.000,    30.000 
    243.000,    29.800 
    242.000,    29.600 
    241.000,    29.500 
    240.000,    29.300 
    239.000,    29.100 
    238.000,    28.900 
    237.000,    28.700 
    236.000,    28.500 
    235.000,    28.300 
    234.000,    28.100 
    233.000,    27.900 
    232.000,    27.700 
    231.000,    27.500 
    230.000,    27.300 
    229.000,    27.200 
    228.000,    27.100 
    227.000,    27.000 
    226.000,    26.900 
    225.000,    26.800 
    224.000,    26.700 
    223.000,    26.500 
    222.000,    26.300 
    221.000,    26.100 
    220.000,    25.900 
    219.000,    25.700 
    218.000,    25.500 
    217.000,    25.300 
    216.000,    25.100 
    215.000,    24.900 
    214.000,    24.700 
    213.000,    24.500 
    212.000,    24.300 
    211.000,    24.100 
    210.000,    24.000 
    209.000,    23.900 
    208.000,    23.800 
    207.000,    23.700 
    206.000,    23.600 
    205.000,    23.500 
    204.000,    23.400 
    203.000,    23.300 
    202.000,    23.200 
    201.000,    23.100 
    200.000,    23.000 
    199.000,    22.900 
    198.000,    22.800 
    197.000,    22.700 
    196.000,    22.500 
    195.000,    22.400 
    194.000,    22.200 
    193.000,    22.000 
    192.000,    21.900 
    191.000,    21.700 
    190.000,    21.600 
    189.000,    21.400 
    188.000,    21.300 
    187.000,    21.200 
    186.000,    21.100 
    185.000,    20.900 
    184.000,    20.800 
    183.000,    20.700 
    182.000,    20.600 
    181.000,    20.500 
    180.000,    20.400 
    179.000,    20.300 
    178.000,    20.200 
    177.000,    20.100 
    176.000,    19.900 
    175.000,    19.800 
    174.000,    19.600 
    173.000,    19.400 
    172.000,    19.200 
    171.000,    19.000 
    170.000,    18.800 
    169.000,    18.600 
    168.000,    18.400 
    167.000,    18.200 
    166.000,    18.000 
    165.000,    17.800 
    164.000,    17.600 
    163.000,    17.400 
    162.000,    17.200 
    161.000,    17.000 
    160.000,    16.800 
    159.000,    16.600 
    158.000,    16.400 
    157.000,    16.200 
    156.000,    16.000 
    155.000,    15.800 
    154.000,    15.600 
    153.000,    15.400 
    152.000,    15.200 
    151.000,    15.000 
    150.000,    14.800 
    149.000,    14.600 
    148.000,    14.400 
    147.000,    14.200 
    146.000,    14.000 
    145.000,    13.800 
    144.000,    13.600 
    143.000,    13.400 
    142.000,    13.200 
    141.000,    13.000 
    140.000,    12.800 
    139.000,    12.600 
    138.000,    12.400 
    137.000,    12.200 
    136.000,    12.000 
    135.000,    11.900 
    134.000,    11.700 
    133.000,    11.600 
    132.000,    11.500 
    131.000,    11.300 
    130.000,    11.200 
    129.000,    11.000 
    128.000,    10.900 
    127.000,    10.700 
    126.000,    10.500 
    125.000,    10.300 
    124.000,    10.100 
    123.000,     9.900 
    122.000,     9.700 
    121.000,     9.500 
    120.000,     9.300 
    119.000,     9.100 
    118.000,     8.900 
    117.000,     8.700 
    116.000,     8.500 
    115.000,     8.300 
    114.000,     8.100 
    113.000,     7.900 
    112.000,     7.700 
    111.000,     7.500 
    110.000,     7.300 
    109.000,     7.100 
    108.000,     6.900 
    107.000,     6.700 
    106.000,     6.500 
    105.000,     6.300 
    104.000,     6.000 
    103.000,     5.700 
    102.000,     5.400 
    101.000,     5.100 
    100.000,     4.800 
     99.000,     4.500 
     98.000,     4.200 
     97.000,     3.900 
     96.000,     3.600 
     95.000,     3.300 
     94.000,     3.100 
     93.000,     2.900 
     92.000,     2.700 
     91.000,     2.500 
     90.000,     2.300 
     89.000,     2.100 
     88.000,     1.900 
     87.000,     1.700 
     86.000,     1.500 
     85.000,     1.300 
     84.000,     1.200 
     83.000,     1.100 
     82.000,     1.000 
     81.000,     0.900 
     80.000,     0.800 
     79.000,     0.700 
     78.000,     0.600 
     77.000,     0.500 
     76.000,     0.400 
     75.000,     0.400 
     74.000,     0.400 
     73.000,     0.400 
     72.000,     0.400 
     71.000,     0.400 
     70.000,     0.300 
     69.000,     0.300 
     68.000,     0.200 
     67.000,     0.100 
     66.000,     0.100 
     65.000,     0.000 
     64.000,     0.000 
     63.000,     0.000 
     62.000,     0.000 
     61.000,     0.000 
     60.000,     0.000 
     59.000,     0.000 
     58.000,     0.000 
     57.000,     0.000 
     56.000,     0.000 
     55.000,     0.000 
     54.000,     0.000 
     53.000,     0.000 
     52.000,     0.000 
     51.000,     0.000 
     50.000,     0.000 
     49.000,     0.000 
     48.000,     0.000 
     47.000,     0.000 
     46.000,     0.000 
     45.000,     0.000 
     44.000,     0.000 
     43.000,     0.000 
     42.000,     0.000 
     41.000,     0.000 
     40.000,     0.000 
     39.000,     0.000 
     38.000,     0.000 
     37.000,     0.000 
     36.000,     0.000 
     35.000,     0.000 
     34.000,     0.000 
     33.000,     0.000 
     32.000,     0.000 
     31.000,     0.000 
     30.000,     0.000 
     29.000,     0.000 
     28.000,     0.000 
     27.000,     0.000 
     26.000,     0.000
