-1.2467815914800733,-1.2812060058787618
-1.2457815914800734,-1.2641216743520625
-1.2447815914800733,-1.2477367580805847
-1.2437815914800734,-1.2327257329066368
-1.2427815914800733,-1.219560121880502
-1.2417815914800734,-1.2083474586881129
-1.2407815914800733,-1.1988975878774968
-1.2397815914800734,-1.1909037304583978
-1.2387815914800733,-1.1840674028108018
-1.2377815914800734,-1.1781431347536164
-1.2367815914800733,-1.172941553223935
-1.2357815914800734,-1.168319435193597
-1.2347815914800733,-1.164168458173998
-1.2337815914800734,-1.160405963777937
-1.2327815914800733,-1.1569680801638997
-1.2317815914800734,-1.1538047713354047
-1.2307815914800733,-1.1508763017245318
-1.2297815914800734,-1.1481507028042035
-1.2287815914800733,-1.145601940289139
-1.2277815914800734,-1.1432085730804833
-1.2267815914800733,-1.1409527598072537
-1.2257815914800734,-1.1388195133745405
-1.2247815914800733,-1.1367961345240252
-1.2237815914800734,-1.1348717767420684
-1.2227815914800733,-1.133037108093974
-1.2217815914800734,-1.1312840456523692
-1.2207815914800733,-1.1296055445777822
-1.2197815914800734,-1.1279954299693455
-1.2187815914800733,-1.1264482604561028
-1.2177815914800734,-1.1249592175351664
-1.2167815914800733,-1.1235240146927328
-1.2157815914800734,-1.1221388224810187
-1.2147815914800733,-1.1208002061237723
-1.2137815914800734,-1.1195050734552145
-1.2127815914800733,-1.1182506309261624
-1.2117815914800734,-1.1170343465655246
-1.2107815914800732,-1.1158539184501002
-1.2097815914800734,-1.1147072477532647
-1.2087815914800732,-1.1135924155848018
-1.2077815914800734,-1.112507663031049
-1.2067815914800732,-1.1114513738898883
-1.2057815914800734,-1.110422059663235
-1.2047815914800732,-1.1094183464669964
-1.2037815914800734,-1.1084389635430714
-1.2027815914800732,-1.1074827332079884
-1.2017815914800734,-1.106548561997996
-1.2007815914800732,-1.105635432805569
-1.1997815914800734,-1.1047423979292268
-1.1987815914800732,-1.1038685728666597
-1.1977815914800733,-1.103013130879115
-1.1967815914800732,-1.1021752980432187
-1.1957815914800733,-1.1013543487734498
-1.1947815914800732,-1.100549601934007
-1.1937815914800733,-1.0997604172599342
-1.1927815914800732,-1.0989861921315232
-1.1917815914800733,-1.098226358685001
-1.1907815914800732,-1.097480381175584
-1.1897815914800733,-1.0967477535560242
-1.1887815914800732,-1.0960279974413107
-1.1877815914800733,-1.0953206600111507
-1.1867815914800732,-1.0946253121409584
-1.1857815914800733,-1.093941546945118
-1.1847815914800732,-1.0932689782914806
-1.1837815914800733,-1.0926072392438975
-1.1827815914800732,-1.0919559808180999
-1.1817815914800733,-1.0913148708685347
-1.1807815914800732,-1.0906835930324517
-1.1797815914800733,-1.090061845783748
-1.1787815914800732,-1.089449341425534
-1.1777815914800733,-1.0888458052464909
-1.1767815914800732,-1.0882509746975868
-1.1757815914800733,-1.0876645989056937
-1.1747815914800732,-1.0870864379254594
-1.1737815914800733,-1.0865162619613962
-1.1727815914800732,-1.0859538509721625
-1.1717815914800733,-1.0853989938275357
-1.1707815914800732,-1.0848514881500437
-1.1697815914800733,-1.084311139724694
-1.1687815914800732,-1.0837777620897344
-1.1677815914800733,-1.0832511760825836
-1.1667815914800732,-1.0827312094063362
-1.1657815914800733,-1.0822176964046644
-1.1647815914800732,-1.0817104776545887
-1.1637815914800733,-1.0812093996806784
-1.1627815914800732,-1.0807143146695823
-1.1617815914800733,-1.080225080155822
-1.1607815914800732,-1.0797415588193262
-1.1597815914800733,-1.0792636181090784
-1.1587815914800732,-1.0787911302413844
-1.1577815914800733,-1.0783239716977475
-1.1567815914800732,-1.077862023314788
-1.1557815914800733,-1.0774051698978613
-1.1547815914800732,-1.0769533001412432
-1.1537815914800733,-1.0765063063924216
-1.1527815914800732,-1.076064084552711
-1.1517815914800733,-1.075626533800887
-1.1507815914800732,-1.0751935566558508
-1.1497815914800733,-1.074765058528767
-1.1487815914800732,-1.074340947966295
-1.1477815914800733,-1.0739211362448395
-1.1467815914800732,-1.0735055374079125
-1.1457815914800733,-1.0730940681004026
-1.1447815914800732,-1.072686647463606
-1.1437815914800733,-1.072283197031315
-1.1427815914800732,-1.0718836406240537
-1.1417815914800733,-1.0714879043282806
-1.1407815914800732,-1.0710959162475704
-1.1397815914800733,-1.070707606689838
-1.1387815914800732,-1.070322907759629
-1.1377815914800733,-1.0699417536283446
-1.1367815914800732,-1.0695640801511967
-1.1357815914800733,-1.0691898250577547
-1.1347815914800732,-1.0688189276758382
-1.1337815914800733,-1.0684513290513655
-1.1327815914800732,-1.0680869717162442
-1.1317815914800733,-1.067725799809902
-1.1307815914800732,-1.067367758845413
-1.1297815914800733,-1.067012795834397
-1.1287815914800732,-1.0666608590803974
-1.1277815914800733,-1.0663118982639461
-1.1267815914800732,-1.0659658642951972
-1.1257815914800733,-1.0656227093465922
-1.1247815914800734,-1.0652823867571088
-1.1237815914800733,-1.0649448510308355
-1.1227815914800732,-1.064610057774279
-1.1217815914800733,-1.0642779636723627
-1.1207815914800734,-1.0639485264548818
-1.1197815914800733,-1.0636217048482262
-1.1187815914800732,-1.0632974585718524
-1.1177815914800733,-1.0629757482676363
-1.1167815914800734,-1.0626565355191016
-1.1157815914800733,-1.0623397827681718
-1.1147815914800732,-1.062025453346455
-1.1137815914800733,-1.0617135113879541
-1.1127815914800734,-1.0614039218664064
-1.1117815914800733,-1.0610966505071873
-1.1107815914800732,-1.0607916638283243
-1.1097815914800733,-1.0604889290538084
-1.1087815914800734,-1.0601884141548779
-1.1077815914800733,-1.0598900877685253
-1.1067815914800732,-1.059593919234491
-1.1057815914800733,-1.0592998785230183
-1.1047815914800734,-1.0590079362644134
-1.1037815914800733,-1.0587180636874851
-1.1027815914800732,-1.058430232640324
-1.1017815914800733,-1.0581444155406692
-1.1007815914800734,-1.057860585388058
-1.0997815914800733,-1.0575787157245422
-1.0987815914800734,-1.0572987806364942
-1.0977815914800733,-1.057020754728632
-1.0967815914800734,-1.0567446131202567
-1.0957815914800733,-1.0564703314260564
-1.0947815914800734,-1.0561978857343945
-1.0937815914800733,-1.0559272526030736
-1.0927815914800734,-1.0556584090468557
-1.0917815914800733,-1.055391332527969
-1.0907815914800734,-1.0551260009495633
-1.0897815914800733,-1.0548623926382465
-1.0887815914800734,-1.054600486337537
-1.0877815914800733,-1.0543402611891541
-1.0867815914800734,-1.0540816967262299
-1.0857815914800732,-1.0538247728538488
-1.0847815914800734,-1.0535694698572973
-1.0837815914800732,-1.0533157683681296
-1.0827815914800734,-1.053063649387061
-1.0817815914800732,-1.052813094253597
-1.0807815914800734,-1.0525640846481277
-1.0797815914800732,-1.0523166025759045
-1.0787815914800734,-1.052070630374839
-1.0777815914800732,-1.0518261506852302
-1.0767815914800734,-1.0515831464499812
-1.0757815914800732,-1.0513416009156393
-1.0747815914800734,-1.0511014976165372
-1.0737815914800732,-1.0508628203717452
-1.0727815914800733,-1.0506255532908995
-1.0717815914800732,-1.0503896807389725
-1.0707815914800733,-1.0501551873598332
-1.0697815914800732,-1.0499220580624802
-1.0687815914800733,-1.0496902779827086
-1.0677815914800732,-1.0494598325341384
-1.0667815914800733,-1.049230707358383
-1.0657815914800732,-1.0490028883216767
-1.0647815914800733,-1.0487763615489614
-1.0637815914800732,-1.0485511133782666
-1.0627815914800733,-1.0483271305172794
-1.0617815914800732,-1.04810439953779
-1.0607815914800733,-1.0478829074876517
-1.0597815914800732,-1.047662641626269
-1.0587815914800733,-1.047443589230241
-1.0577815914800732,-1.0472257378970211
-1.0567815914800733,-1.047009075523396
-1.0557815914800732,-1.046793590057058
-1.0547815914800733,-1.046579269515337
-1.0537815914800732,-1.0463661024480357
-1.0527815914800733,-1.0461540772892706
-1.0517815914800732,-1.0459431827057846
-1.0507815914800733,-1.0457334075803324
-1.0497815914800732,-1.0455247411108728
-1.0487815914800733,-1.0453171724392605
-1.0477815914800732,-1.0451106908961245
-1.0467815914800733,-1.0449052861253654
-1.0457815914800732,-1.044700947865648
-1.0447815914800733,-1.0444976658797755
-1.0437815914800732,-1.0442954300048766
-1.0427815914800733,-1.0440942307323666
-1.0417815914800732,-1.04389405807338
-1.0407815914800733,-1.0436949022597652
-1.0397815914800732,-1.0434967542596338
-1.0387815914800733,-1.0432996044655432
-1.0377815914800732,-1.0431034436640698
-1.0367815914800733,-1.0429082629768238
-1.0357815914800732,-1.0427140534274661
-1.0347815914800733,-1.0425208062190912
-1.0337815914800732,-1.0423285126935184
-1.0327815914800733,-1.0421371643471034
-1.0317815914800732,-1.0419467527886184
-1.0307815914800733,-1.041757269664909
-1.0297815914800732,-1.0415687066748074
-1.0287815914800733,-1.041381055919783
-1.0277815914800732,-1.0411943092977392
-1.0267815914800733,-1.0410084588116792
-1.0257815914800732,-1.0408234968098078
-1.0247815914800733,-1.0406394156486487
-1.0237815914800732,-1.040456207716011
-1.0227815914800733,-1.0402738654258514
-1.0217815914800732,-1.0400923817305148
-1.0207815914800733,-1.0399117492724268
-1.0197815914800732,-1.0397319607630169
-1.0187815914800733,-1.0395530092980005
-1.0177815914800732,-1.0393748879507125
-1.0167815914800733,-1.0391975897465562
-1.0157815914800732,-1.0390211076470146
-1.0147815914800733,-1.0388454352592378
-1.0137815914800732,-1.0386705657937396
-1.0127815914800733,-1.0384964924852895
-1.0117815914800732,-1.0383232089560919
-1.0107815914800733,-1.0381507089839555
-1.0097815914800732,-1.0379789862215605
-1.0087815914800733,-1.0378080341305653
-1.0077815914800732,-1.037637847104407
-1.0067815914800733,-1.0374684189300685
-1.0057815914800732,-1.0372997433746793
-1.0047815914800733,-1.0371318148342332
-1.0037815914800734,-1.0369646273764979
-1.0027815914800733,-1.0367981751498145
-1.0017815914800732,-1.0366324523825396
-1.0007815914800733,-1.0364674534677871
-0.9997815914800733,-1.0363031728383107
-0.9987815914800733,-1.036139604974316
-0.9977815914800733,-1.0359767443423056
-0.9967815914800733,-1.0358145856990018
-0.9957815914800733,-1.0356531237653277
-0.9947815914800733,-1.0354923531611506
-0.9937815914800733,-1.0353322688020747
-0.9927815914800733,-1.0351728655685106
-0.9917815914800733,-1.03501413836568
-0.9907815914800733,-1.03485608212698
-0.9897815914800733,-1.0346986919235677
-0.9887815914800733,-1.0345419628696164
-0.9877815914800733,-1.0343858901051868
-0.9867815914800733,-1.034230468756286
-0.9857815914800733,-1.0340756941757454
-0.9847815914800733,-1.033921561803749
-0.9837815914800733,-1.0337680667958045
-0.9827815914800733,-1.033615204730134
-0.9817815914800733,-1.0334629711710925
-0.9807815914800733,-1.0333113615770637
-0.9797815914800733,-1.0331603714492492
-0.9787815914800733,-1.0330099964709205
-0.9777815914800733,-1.0328602324097356
-0.9767815914800733,-1.0327110747429402
-0.9757815914800733,-1.0325625192853374
-0.9747815914800733,-1.032414561908934
-0.9737815914800733,-1.0322671985271976
-0.9727815914800733,-1.032120424819127
-0.9717815914800733,-1.0319742368774938
-0.9707815914800733,-1.03182863097757
-0.9697815914800733,-1.0316836028400689
-0.9687815914800733,-1.0315391486496048
-0.9677815914800733,-1.031395264646759
-0.9667815914800733,-1.031251947087031
-0.9657815914800733,-1.0311091918056183
-0.9647815914800733,-1.030966995126381
-0.9637815914800733,-1.0308253536229053
-0.9627815914800733,-1.030684263133076
-0.9617815914800733,-1.0305437201674659
-0.9607815914800732,-1.0304037212401738
-0.9597815914800732,-1.0302642626813894
-0.9587815914800732,-1.0301253409444562
-0.9577815914800734,-1.0299869525900325
-0.9567815914800732,-1.0298490942610858
-0.9557815914800734,-1.0297117625211265
-0.9547815914800732,-1.0295749539035688
-0.9537815914800734,-1.029438665034081
-0.9527815914800732,-1.0293028927764833
-0.9517815914800734,-1.0291676336030804
-0.9507815914800732,-1.029032884259569
-0.9497815914800734,-1.028898641679552
-0.9487815914800732,-1.028764902524737
-0.9477815914800733,-1.0286316636453303
-0.9467815914800732,-1.0284989219472742
-0.9457815914800733,-1.0283666743925923
-0.9447815914800732,-1.0282349178409231
-0.9437815914800733,-1.0281036492360316
-0.9427815914800732,-1.0279728656767546
-0.9417815914800733,-1.0278425641790578
-0.9407815914800732,-1.0277127416858096
-0.9397815914800733,-1.027583395328068
-0.9387815914800732,-1.027454522288437
-0.9377815914800733,-1.0273261196778007
-0.9367815914800732,-1.0271981846549005
-0.9357815914800733,-1.0270707143443132
-0.9347815914800732,-1.0269437059477737
-0.9337815914800733,-1.0268171567598163
-0.9327815914800732,-1.0266910640386908
-0.9317815914800733,-1.0265654250514638
-0.9307815914800732,-1.0264402370986268
-0.9297815914800733,-1.0263154974882698
-0.9287815914800732,-1.026191203686921
-0.9277815914800733,-1.0260673531248685
-0.9267815914800732,-1.0259439430512804
-0.9257815914800733,-1.0258209709421924
-0.9247815914800732,-1.025698434444519
-0.9237815914800733,-1.0255763309713253
-0.9227815914800732,-1.025454657900306
-0.9217815914800733,-1.0253334128682758
-0.9207815914800732,-1.0252125935032996
-0.9197815914800733,-1.0250921972888056
-0.9187815914800732,-1.0249722218118515
-0.9177815914800733,-1.0248526647290315
-0.9167815914800732,-1.0247335236865196
-0.9157815914800733,-1.0246147963615322
-0.9147815914800732,-1.024496480399685
-0.9137815914800733,-1.024378573465246
-0.9127815914800732,-1.0242610733282205
-0.9117815914800733,-1.0241439777473866
-0.9107815914800732,-1.0240272844504972
-0.9097815914800733,-1.0239109912163291
-0.9087815914800732,-1.0237950958514925
-0.9077815914800733,-1.0236795961932301
-0.9067815914800732,-1.0235644901060177
-0.9057815914800733,-1.0234497754131127
-0.9047815914800732,-1.0233354499656584
-0.9037815914800733,-1.0232215117300196
-0.9027815914800732,-1.0231079586388903
-0.9017815914800733,-1.0229947885584092
-0.9007815914800732,-1.0228819994516574
-0.8997815914800733,-1.0227695893276458
-0.8987815914800732,-1.0226575561511628
-0.8977815914800733,-1.0225458979029811
-0.8967815914800732,-1.02243461261765
-0.8957815914800733,-1.0223236983397745
-0.8947815914800733,-1.0222131531319767
-0.8937815914800733,-1.0221029750552837
-0.8927815914800733,-1.0219931621561453
-0.8917815914800733,-1.0218837125550566
-0.8907815914800733,-1.0217746244166936
-0.8897815914800733,-1.021665895824227
-0.8887815914800733,-1.0215575248865092
-0.8877815914800733,-1.0214495098303331
-0.8867815914800733,-1.0213418488417625
-0.8857815914800733,-1.0212345400549938
-0.8847815914800733,-1.0211275816821561
-0.8837815914800733,-1.0210209719892909
-0.8827815914800733,-1.0209147091952058
-0.8817815914800733,-1.0208087915284665
-0.8807815914800733,-1.020703217270931
-0.8797815914800733,-1.0205979847071684
-0.8787815914800733,-1.0204930921262407
-0.8777815914800733,-1.020388537834465
-0.8767815914800733,-1.0202843201547727
-0.8757815914800733,-1.0201804374198582
-0.8747815914800733,-1.0200768879750746
-0.8737815914800733,-1.0199736701812048
-0.8727815914800733,-1.019870782411885
-0.8717815914800733,-1.0197682230511664
-0.8707815914800733,-1.019665990497119
-0.8697815914800733,-1.0195640831693193
-0.8687815914800733,-1.0194624994868784
-0.8677815914800733,-1.0193612378716896
-0.8667815914800733,-1.0192602967759
-0.8657815914800733,-1.0191596746639535
-0.8647815914800733,-1.0190593700064505
-0.8637815914800733,-1.0189593812864133
-0.8627815914800733,-1.0188597070083443
-0.8617815914800733,-1.0187603456775778
-0.8607815914800733,-1.0186612957957109
-0.8597815914800733,-1.0185625558995404
-0.8587815914800733,-1.0184641245507322
-0.8577815914800733,-1.0183660002819839
-0.8567815914800733,-1.0182681816387675
-0.8557815914800733,-1.0181706672123114
-0.8547815914800733,-1.0180734555908824
-0.8537815914800733,-1.0179765453624345
-0.8527815914800733,-1.0178799351304748
-0.8517815914800733,-1.0177836235075934
-0.8507815914800733,-1.017687609127001
-0.8497815914800733,-1.017591890634406
-0.8487815914800733,-1.0174964666659
-0.8477815914800733,-1.0174013358725102
-0.8467815914800733,-1.0173064969341863
-0.8457815914800733,-1.0172119485306126
-0.8447815914800733,-1.0171176893404148
-0.8437815914800733,-1.0170237180599615
-0.8427815914800733,-1.0169300333962563
-0.8417815914800733,-1.0168366340651633
-0.8407815914800733,-1.0167435187918572
-0.8397815914800733,-1.0166506863071714
-0.8387815914800733,-1.0165581353525146
-0.8377815914800733,-1.0164658646824831
-0.8367815914800733,-1.0163738730582166
-0.8357815914800732,-1.0162821592480449
-0.8347815914800732,-1.0161907220308344
-0.8337815914800732,-1.0160995601939702
-0.8327815914800732,-1.01600867253458
-0.8317815914800732,-1.0159180578582392
-0.8307815914800732,-1.0158277149770492
-0.8297815914800732,-1.0157376427126446
-0.8287815914800734,-1.015647839896416
-0.8277815914800732,-1.0155583053667507
-0.8267815914800734,-1.0154690379697806
-0.8257815914800732,-1.0153800365602388
-0.8247815914800734,-1.0152913000008936
-0.8237815914800732,-1.0152028271632834
-0.8227815914800733,-1.015114616927576
-0.8217815914800732,-1.0150266681802207
-0.8207815914800733,-1.014938979814291
-0.8197815914800732,-1.0148515507301712
-0.8187815914800733,-1.014764379836243
-0.8177815914800732,-1.0146774660495717
-0.8167815914800733,-1.0145908082969242
-0.8157815914800732,-1.0145044055131203
-0.8147815914800733,-1.0144182566370377
-0.8137815914800732,-1.0143323606126988
-0.8127815914800733,-1.0142467163910927
-0.8117815914800732,-1.014161322931997
-0.8107815914800733,-1.0140761792057233
-0.8097815914800732,-1.0139912841913554
-0.8087815914800733,-1.0139066368712477
-0.8077815914800732,-1.0138222362316414
-0.8067815914800733,-1.0137380812648396
-0.8057815914800732,-1.0136541709713833
-0.8047815914800733,-1.0135705043620935
-0.8037815914800732,-1.0134870804560243
-0.8027815914800733,-1.0134038982760474
-0.8017815914800732,-1.0133209568498944
-0.8007815914800733,-1.0132382552111747
-0.7997815914800732,-1.0131557924003363
-0.7987815914800733,-1.0130735674656257
-0.7977815914800732,-1.0129915794634226
-0.7967815914800733,-1.012909827455662
-0.7957815914800732,-1.0128283105087037
-0.7947815914800733,-1.0127470276941732
-0.7937815914800732,-1.0126659780898906
-0.7927815914800733,-1.012585160780796
-0.7917815914800732,-1.012504574859366
-0.7907815914800733,-1.012424219423335
-0.7897815914800732,-1.0123440935753842
-0.7887815914800733,-1.012264196423682
-0.7877815914800732,-1.0121845270821397
-0.7867815914800733,-1.0121050846706663
-0.7857815914800732,-1.0120258683154968
-0.7847815914800733,-1.0119468771495252
-0.7837815914800732,-1.0118681103103138
-0.7827815914800733,-1.0117895669396866
-0.7817815914800732,-1.0117112461845357
-0.7807815914800733,-1.011633147197638
-0.7797815914800732,-1.0115552691384588
-0.7787815914800733,-1.0114776111728088
-0.7777815914800732,-1.0114001724707433
-0.7767815914800733,-1.0113229522065992
-0.7757815914800732,-1.0112459495595223
-0.7747815914800733,-1.011169163713976
-0.7737815914800732,-1.0110925938602497
-0.7727815914800733,-1.011016239195112
-0.7717815914800732,-1.0109400989207125
-0.7707815914800733,-1.010864172242337
-0.7697815914800732,-1.0107884583690867
-0.7687815914800733,-1.0107129565149402
-0.7677815914800732,-1.010637665899818
-0.7667815914800733,-1.0105625857503162
-0.7657815914800733,-1.0104877152975351
-0.7647815914800733,-1.0104130537760725
-0.7637815914800733,-1.0103386004247217
-0.7627815914800733,-1.0102643544868495
-0.7617815914800733,-1.0101903152107738
-0.7607815914800733,-1.0101164818501835
-0.7597815914800733,-1.0100428536646489
-0.7587815914800733,-1.0099694299175364
-0.7577815914800733,-1.0098962098751634
-0.7567815914800733,-1.009823192807713
-0.7557815914800733,-1.0097503779901935
-0.7547815914800733,-1.0096777647033854
-0.7537815914800733,-1.0096053522332353
-0.7527815914800733,-1.0095331398686476
-0.7517815914800733,-1.0094611269026972
-0.7507815914800733,-1.0093893126327793
-0.7497815914800733,-1.009317696360524
-0.7487815914800733,-1.0092462773917124
-0.7477815914800733,-1.0091750550367833
-0.7467815914800733,-1.0091040286118058
-0.7457815914800733,-1.0090331974353806
-0.7447815914800733,-1.0089625608287731
-0.7437815914800733,-1.0088921181170685
-0.7427815914800733,-1.0088218686303283
-0.7417815914800733,-1.0087518117043588
-0.7407815914800733,-1.008681946677564
-0.7397815914800733,-1.0086122728915106
-0.7387815914800733,-1.0085427896925008
-0.7377815914800733,-1.0084734964309732
-0.7367815914800733,-1.0084043924608703
-0.7357815914800733,-1.0083354771391104
-0.7347815914800733,-1.008266749828416
-0.7337815914800733,-1.0081982098963285
-0.7327815914800733,-1.0081298567109125
-0.7317815914800733,-1.0080616896423926
-0.7307815914800733,-1.007993708065168
-0.7297815914800733,-1.007925911359818
-0.7287815914800733,-1.007858298911528
-0.7277815914800733,-1.0077908701046878
-0.7267815914800733,-1.0077236243297825
-0.7257815914800733,-1.0076565609830777
-0.7247815914800733,-1.0075896794645791
-0.7237815914800733,-1.0075229791759925
-0.7227815914800733,-1.0074564595185582
-0.7217815914800733,-1.0073901198945459
-0.7207815914800733,-1.0073239597150565
-0.7197815914800733,-1.0072579783990245
-0.7187815914800733,-1.0071921753696769
-0.7177815914800733,-1.0071265500509887
-0.7167815914800733,-1.0070611018641276
-0.7157815914800733,-1.0069958302277464
-0.7147815914800733,-1.0069307345696588
-0.7137815914800733,-1.0068658143283493
-0.7127815914800733,-1.0068010689482736
-0.7117815914800733,-1.006736497875058
-0.7107815914800732,-1.006672100550714
-0.7097815914800732,-1.0066078764126913
-0.7087815914800732,-1.0065438249049017
-0.7077815914800732,-1.0064799454808222
-0.7067815914800732,-1.0064162376010055
-0.7057815914800732,-1.0063527007305215
-0.7047815914800732,-1.0062893343364
-0.7037815914800732,-1.0062261378850736
-0.7027815914800732,-1.006163110839563
-0.7017815914800732,-1.006100252656271
-0.7007815914800732,-1.0060375628000815
-0.6997815914800732,-1.0059750407515173
-0.6987815914800732,-1.0059126860014989
-0.6977815914800732,-1.005850498045759
-0.6967815914800732,-1.0057884763792588
-0.6957815914800732,-1.0057266204906048
-0.6947815914800732,-1.0056649298567732
-0.6937815914800732,-1.0056034039505284
-0.6927815914800732,-1.0055420422618735
-0.6917815914800732,-1.0054808442974008
-0.6907815914800732,-1.005419809573691
-0.6897815914800732,-1.005358937610698
-0.6887815914800732,-1.0052982279251343
-0.6877815914800732,-1.0052376800238554
-0.6867815914800732,-1.0051772933977121
-0.6857815914800732,-1.0051170675367258
-0.6847815914800732,-1.005057001955343
-0.6837815914800732,-1.004997096187597
-0.6827815914800732,-1.0049373497779088
-0.6817815914800732,-1.0048777622718914
-0.6807815914800732,-1.0048183332071523
-0.6797815914800732,-1.004759062104141
-0.6787815914800732,-1.004699948466834
-0.6777815914800732,-1.0046409918131671
-0.6767815914800732,-1.0045821916827926
-0.6757815914800732,-1.0045235476297725
-0.6747815914800732,-1.004465059215085
-0.6737815914800732,-1.0044067259991323
-0.6727815914800732,-1.0043485475342482
-0.6717815914800732,-1.004290523357206
-0.6707815914800732,-1.0042326529911345
-0.6697815914800733,-1.0041749359759693
-0.6687815914800733,-1.0041173718752052
-0.6677815914800733,-1.004059960267025
-0.6667815914800733,-1.004002700735134
-0.6657815914800733,-1.0039455928595977
-0.6647815914800733,-1.0038886362076758
-0.6637815914800733,-1.0038318303269202
-0.6627815914800733,-1.0037751747649977
-0.6617815914800733,-1.0037186690873527
-0.6607815914800733,-1.003662312872501
-0.6597815914800733,-1.0036061057081047
-0.6587815914800733,-1.0035500471870804
-0.6577815914800733,-1.0034941369037094
-0.6567815914800733,-1.0034383744497435
-0.6557815914800733,-1.0033827594105158
-0.6547815914800733,-1.0033272913610478
-0.6537815914800733,-1.0032719698692616
-0.6527815914800733,-1.0032167945159458
-0.6517815914800733,-1.0031617648980569
-0.6507815914800733,-1.003106880623968
-0.6497815914800733,-1.0030521413086353
-0.6487815914800733,-1.0029975465687622
-0.6477815914800733,-1.0029430960179644
-0.6467815914800733,-1.0028887892619365
-0.6457815914800733,-1.0028346258938
-0.6447815914800733,-1.0027806054992583
-0.6437815914800733,-1.0027267276768213
-0.6427815914800733,-1.0026729920398612
-0.6417815914800733,-1.002619398212429
-0.6407815914800733,-1.0025659458250527
-0.6397815914800733,-1.0025126345105362
-0.6387815914800733,-1.002459463899758
-0.6377815914800733,-1.0024064336174696
-0.6367815914800733,-1.0023535432781856
-0.6357815914800733,-1.002300792490046
-0.6347815914800733,-1.0022481808710106
-0.6337815914800733,-1.0021957080491526
-0.6327815914800733,-1.00214337366028
-0.6317815914800733,-1.002091177345839
-0.6307815914800733,-1.0020391187508126
-0.6297815914800733,-1.0019871975216244
-0.6287815914800733,-1.0019354133040377
-0.6277815914800733,-1.001883765741057
-0.6267815914800733,-1.0018322544708302
-0.6257815914800733,-1.001780879125244
-0.6247815914800733,-1.0017296393373822
-0.6237815914800733,-1.0016785347503778
-0.6227815914800733,-1.0016275650163262
-0.6217815914800733,-1.0015767297939981
-0.6207815914800733,-1.0015260287465537
-0.6197815914800733,-1.0014754615392552
-0.6187815914800733,-1.0014250278371821
-0.6177815914800733,-1.0013747273029432
-0.6167815914800733,-1.0013245595943914
-0.6157815914800733,-1.00127452436237
-0.6147815914800733,-1.001224621253489
-0.6137815914800733,-1.001174849923187
-0.6127815914800733,-1.0011252100378978
-0.6117815914800733,-1.0010757012724207
-0.6107815914800733,-1.0010263233072492
-0.6097815914800733,-1.0009770758258978
-0.6087815914800733,-1.0009279585122302
-0.6077815914800733,-1.0008789710477863
-0.6067815914800733,-1.0008301131091106
-0.6057815914800733,-1.0007813843650857
-0.6047815914800733,-1.0007327844772775
-0.6037815914800733,-1.000684313113107
-0.6027815914800733,-1.000635969951861
-0.6017815914800733,-1.0005877546822664
-0.6007815914800733,-1.0005396669997357
-0.5997815914800733,-1.0004917066036134
-0.5987815914800733,-1.0004438731944227
-0.5977815914800733,-1.000396166471112
-0.5967815914800733,-1.0003485861283001
-0.5957815914800733,-1.0003011318535242
-0.5947815914800733,-1.000253803325363
-0.5937815914800733,-1.0002066002227008
-0.5927815914800733,-1.000159522236064
-0.5917815914800733,-1.000112569066417
-0.5907815914800733,-1.0000657404223758
-0.5897815914800733,-1.0000190360174235
-0.5887815914800733,-0.9999724555671242
-0.5877815914800733,-0.9999259987863376
-0.5867815914800733,-0.9998796653864331
-0.5857815914800732,-0.9998334550725047
-0.5847815914800732,-0.9997873675409551
-0.5837815914800732,-0.9997414024863329
-0.5827815914800732,-0.9996955596125466
-0.5817815914800732,-0.9996498386316762
-0.5807815914800732,-0.9996042392621312
-0.5797815914800732,-0.9995587612268734
-0.5787815914800732,-0.9995134042516404
-0.5777815914800732,-0.9994681680631686
-0.5767815914800732,-0.9994230523874166
-0.5757815914800732,-0.9993780569477878
-0.5747815914800732,-0.9993331814633546
-0.5737815914800732,-0.9992884256474618
-0.5727815914800732,-0.9992437892129666
-0.5717815914800732,-0.9991992718803298
-0.5707815914800732,-0.9991548733772679
-0.5697815914800732,-0.9991105934371012
-0.5687815914800732,-0.9990664317971003
-0.5677815914800732,-0.9990223881968338
-0.5667815914800732,-0.9989784623765163
-0.5657815914800732,-0.9989346540753555
-0.5647815914800732,-0.9988909630299
-0.5637815914800732,-0.9988473889723866
-0.5627815914800732,-0.9988039316295897
-0.5617815914800732,-0.9987605907286401
-0.5607815914800732,-0.9987173660045198
-0.5597815914800732,-0.9986742571994025
-0.5587815914800732,-0.9986312640609117
-0.5577815914800732,-0.9985883863403786
-0.5567815914800732,-0.9985456237910995
-0.5557815914800732,-0.9985029761665938
-0.5547815914800732,-0.9984604432188622
-0.5537815914800732,-0.9984180246966434
-0.5527815914800732,-0.9983757203436752
-0.5517815914800732,-0.9983335298991061
-0.5507815914800732,-0.998291453106179
-0.5497815914800732,-0.998249489715061
-0.5487815914800732,-0.9982076394814432
-0.5477815914800732,-0.9981659021651832
-0.5467815914800732,-0.9981242775289492
-0.5457815914800732,-0.9980827653368626
-0.5447815914800732,-0.9980413653531411
-0.5437815914800732,-0.9980000773407429
-0.5427815914800733,-0.9979589010600084
-0.5417815914800733,-0.9979178362673151
-0.5407815914800733,-0.9978768827157686
-0.5397815914800733,-0.9978360401623615
-0.5387815914800733,-0.9977953083704244
-0.5377815914800733,-0.9977546871083974
-0.5367815914800733,-0.9977141761485101
-0.5357815914800733,-0.9976737752654611
-0.5347815914800733,-0.9976334842350972
-0.5337815914800733,-0.9975933028330937
-0.5327815914800733,-0.9975532308336332
-0.5317815914800733,-0.9975132680080859
-0.5307815914800733,-0.9974734141237026
-0.5297815914800733,-0.9974336689447287
-0.5287815914800733,-0.9973940322399663
-0.5277815914800733,-0.997354503784776
-0.5267815914800733,-0.9973150833596918
-0.5257815914800733,-0.9972757707489754
-0.5247815914800733,-0.9972365657391711
-0.5237815914800733,-0.9971974681176595
-0.5227815914800733,-0.997158477671213
-0.5217815914800733,-0.9971195941845497
-0.5207815914800733,-0.9970808174388883
-0.5197815914800733,-0.9970421472108398
-0.5187815914800733,-0.9970035832769554
-0.5177815914800733,-0.9969651254195375
-0.5167815914800733,-0.9969267734259324
-0.5157815914800733,-0.9968885270874095
-0.5147815914800733,-0.9968503861980512
-0.5137815914800733,-0.9968123505536441
-0.5127815914800733,-0.9967744199505681
-0.5117815914800733,-0.9967365941846877
-0.5107815914800733,-0.9966988730502419
-0.5097815914800733,-0.9966612563387339
-0.5087815914800733,-0.9966237438382213
-0.5077815914800733,-0.996586335337311
-0.5067815914800733,-0.9965490306296695
-0.5057815914800733,-0.9965118295135255
-0.5047815914800733,-0.9964747317906254
-0.5037815914800733,-0.9964377372651894
-0.5027815914800733,-0.9964008457428664
-0.5017815914800733,-0.9963640570296909
-0.5007815914800733,-0.9963273709310381
-0.4997815914800733,-0.99629078725058
-0.4987815914800733,-0.9962543057892409
-0.4977815914800733,-0.9962179263452511
-0.4967815914800733,-0.9961816487192007
-0.4957815914800733,-0.9961454727158721
-0.4947815914800733,-0.9961093981434168
-0.4937815914800733,-0.9960734248125965
-0.4927815914800733,-0.9960375525360231
-0.4917815914800733,-0.9960017811273997
-0.4907815914800733,-0.9959661104007609
-0.4897815914800733,-0.9959305401697143
-0.4887815914800733,-0.9958950702466798
-0.4877815914800733,-0.9958597004421521
-0.4867815914800733,-0.995824430566578
-0.48578159148007327,-0.9957892604343308
-0.48478159148007327,-0.9957541898613421
-0.48378159148007327,-0.9957192186646108
-0.48278159148007327,-0.9956843466621143
-0.48178159148007327,-0.9956495736727203
-0.48078159148007327,-0.9956148995160976
-0.47978159148007327,-0.9955803240126271
-0.47878159148007327,-0.9955458469833133
-0.47778159148007326,-0.9955114682496956
-0.47678159148007326,-0.9954771876338043
-0.47578159148007326,-0.9954430049592988
-0.47478159148007326,-0.995408920051261
-0.47378159148007326,-0.9953749327347065
-0.47278159148007326,-0.9953410428347261
-0.47178159148007326,-0.9953072501767216
-0.47078159148007326,-0.9952735545866394
-0.46978159148007326,-0.9952399558912058
-0.46878159148007326,-0.9952064539181616
-0.46778159148007326,-0.9951730484964968
-0.46678159148007325,-0.9951397394566849
-0.46578159148007325,-0.9951065266308966
-0.46478159148007325,-0.9950734098525059
-0.46378159148007325,-0.9950403889548194
-0.46278159148007325,-0.9950074637709815
-0.46178159148007325,-0.9949746341342082
-0.46078159148007325,-0.9949418998780221
-0.45978159148007325,-0.9949092608364877
-0.45878159148007325,-0.9948767168444459
-0.45778159148007325,-0.9948442677377495
-0.45678159148007325,-0.9948119133534976
-0.45578159148007324,-0.9947796535302713
-0.45478159148007324,-0.9947474881081999
-0.45378159148007324,-0.9947154169277421
-0.45278159148007324,-0.9946834398294367
-0.45178159148007324,-0.994651556654242
-0.45078159148007324,-0.9946197672436107
-0.44978159148007324,-0.9945880714395643
-0.44878159148007324,-0.9945564690847667
-0.44778159148007324,-0.9945249600225976
-0.44678159148007324,-0.9944935440972271
-0.44578159148007324,-0.994462221153689
-0.44478159148007324,-0.9944309910379545
-0.44378159148007323,-0.9943998535968583
-0.44278159148007323,-0.9943688086775886
-0.44178159148007323,-0.9943378561279098
-0.44078159148007323,-0.9943069957962698
-0.43978159148007323,-0.9942762275317946
-0.43878159148007323,-0.9942455511842838
-0.43778159148007323,-0.9942149666042056
-0.43678159148007323,-0.9941844736426921
-0.4357815914800732,-0.9941540721515344
-0.4347815914800732,-0.9941237619831778
-0.4337815914800732,-0.9940935429907172
-0.4327815914800732,-0.9940634150280003
-0.4317815914800732,-0.9940333779496551
-0.4307815914800732,-0.9940034316107759
-0.4297815914800732,-0.9939735758669284
-0.4287815914800732,-0.9939438105741993
-0.4277815914800732,-0.9939141355892485
-0.4267815914800732,-0.9938845507693583
-0.4257815914800732,-0.9938550559724851
-0.4247815914800732,-0.9938256510573102
-0.4237815914800732,-0.9937963358832897
-0.4227815914800732,-0.9937671103107019
-0.4217815914800732,-0.9937379742004665
-0.4207815914800732,-0.9937089274138785
-0.4197815914800732,-0.9936799698127465
-0.4187815914800732,-0.9936511012594229
-0.4177815914800732,-0.9936223216168192
-0.4167815914800732,-0.9935936307484212
-0.4157815914800732,-0.9935650285183046
-0.4147815914800732,-0.9935365147911501
-0.4137815914800733,-0.9935080894322585
-0.4127815914800733,-0.9934797523075665
-0.4117815914800733,-0.993451503283695
-0.4107815914800733,-0.9934233422284
-0.4097815914800733,-0.9933952690100968
-0.4087815914800733,-0.993367283497327
-0.4077815914800733,-0.9933393855588593
-0.4067815914800733,-0.9933115750638087
-0.4057815914800733,-0.993283851881755
-0.4047815914800733,-0.9932562158828615
-0.4037815914800733,-0.9932286669379943
-0.4027815914800733,-0.9932012049188402
-0.4017815914800733,-0.9931738296980271
-0.4007815914800733,-0.9931465411491401
-0.3997815914800733,-0.993119339145909
-0.3987815914800733,-0.9930922235622732
-0.3977815914800733,-0.9930651942727269
-0.3967815914800733,-0.9930382511523205
-0.3957815914800733,-0.9930113940766618
-0.3947815914800733,-0.9929846229219154
-0.3937815914800733,-0.9929579375648018
-0.3927815914800733,-0.9929313378825985
-0.3917815914800733,-0.9929048237531388
-0.3907815914800733,-0.9928783950548126
-0.3897815914800733,-0.9928520516666186
-0.3887815914800733,-0.9928257934683061
-0.3877815914800733,-0.9927996203400795
-0.3867815914800733,-0.9927735321625354
-0.3857815914800733,-0.9927475288166991
-0.3847815914800733,-0.9927216101840637
-0.3837815914800733,-0.9926957761466267
-0.3827815914800733,-0.9926700265869285
-0.3817815914800733,-0.9926443613880898
-0.3807815914800733,-0.9926187804338491
-0.3797815914800733,-0.992593283608601
-0.3787815914800733,-0.9925678707972311
-0.3777815914800733,-0.9925425418847714
-0.3767815914800733,-0.9925172967568309
-0.3757815914800733,-0.9924921352996511
-0.3747815914800733,-0.992467057400069
-0.3737815914800733,-0.9924420629454777
-0.3727815914800733,-0.9924171518237886
-0.3717815914800733,-0.9923923239233928
-0.3707815914800733,-0.9923675791331228
-0.3697815914800733,-0.992342917342214
-0.3687815914800733,-0.9923183384402706
-0.3677815914800733,-0.9922938423175113
-0.3667815914800733,-0.9922694288649372
-0.3657815914800733,-0.9922450979739249
-0.3647815914800733,-0.9922208495362184
-0.3637815914800733,-0.9921966834439645
-0.3627815914800733,-0.9921725995897495
-0.3617815914800733,-0.9921485978666348
-0.36078159148007327,-0.9921246781681928
-0.35978159148007327,-0.9921008403885435
-0.35878159148007327,-0.9920770844223896
-0.35778159148007327,-0.9920534101650428
-0.35678159148007327,-0.9920298175121963
-0.35578159148007327,-0.9920063063598369
-0.35478159148007327,-0.9919828766044354
-0.35378159148007327,-0.9919595281429493
-0.35278159148007326,-0.9919362608728161
-0.35178159148007326,-0.991913074691945
-0.35078159148007326,-0.9918899694987114
-0.34978159148007326,-0.9918669451919482
-0.34878159148007326,-0.9918440016709393
-0.34778159148007326,-0.9918211388354125
-0.34678159148007326,-0.9917983565855639
-0.34578159148007326,-0.9917756548223259
-0.34478159148007326,-0.9917530334470999
-0.34378159148007326,-0.991730492361545
-0.34278159148007326,-0.9917080314676249
-0.34178159148007325,-0.991685650667659
-0.34078159148007325,-0.9916633498643734
-0.33978159148007325,-0.9916411289609516
-0.33878159148007325,-0.9916189878610856
-0.33778159148007325,-0.9915969264690266
-0.33678159148007325,-0.9915749446896361
-0.33578159148007325,-0.9915530424283509
-0.33478159148007325,-0.9915312195907461
-0.33378159148007325,-0.9915094760827381
-0.33278159148007325,-0.9914878118107313
-0.33178159148007325,-0.9914662266816022
-0.33078159148007324,-0.9914447206026842
-0.32978159148007324,-0.9914232934817516
-0.32878159148007324,-0.9914019452270041
-0.32778159148007324,-0.9913806757470502
-0.32678159148007324,-0.991359484950893
-0.32578159148007324,-0.9913383727479128
-0.32478159148007324,-0.9913173390479655
-0.32378159148007324,-0.9912963837615946
-0.32278159148007324,-0.991275506799678
-0.32178159148007324,-0.9912547080733762
-0.32078159148007324,-0.9912339874941706
-0.31978159148007324,-0.9912133449739025
-0.31878159148007323,-0.9911927804248116
-0.31778159148007323,-0.9911722937595748
-0.31678159148007323,-0.9911518848913446
-0.31578159148007323,-0.991131553733788
-0.31478159148007323,-0.9911113002011228
-0.31378159148007323,-0.9910911242079179
-0.31278159148007323,-0.9910710256688426
-0.31178159148007323,-0.991051004499034
-0.3107815914800732,-0.9910310606141206
-0.3097815914800732,-0.9910111939301951
-0.3087815914800732,-0.9909914043637849
-0.3077815914800732,-0.9909716918318245
-0.3067815914800732,-0.9909520562516264
-0.3057815914800732,-0.9909324975408532
-0.3047815914800732,-0.9909130156174886
-0.3037815914800732,-0.9908936103998204
-0.3027815914800732,-0.9908742818067522
-0.3017815914800732,-0.9908550297578096
-0.3007815914800732,-0.9908358541727352
-0.2997815914800732,-0.9908167549715113
-0.2987815914800732,-0.9907977320744072
-0.2977815914800732,-0.9907787854020285
-0.2967815914800732,-0.9907599148753646
-0.2957815914800732,-0.9907411204158383
-0.2947815914800732,-0.9907224019453531
-0.2937815914800732,-0.990703759386342
-0.2927815914800732,-0.9906851926618081
-0.2917815914800732,-0.9906667016951748
-0.2907815914800732,-0.9906482864100576
-0.2897815914800732,-0.990629946730287
-0.2887815914800732,-0.9906116825799527
-0.2877815914800732,-0.9905934938834466
-0.2867815914800733,-0.9905753805655058
-0.2857815914800733,-0.9905573425512557
-0.2847815914800733,-0.9905393797662534
-0.2837815914800733,-0.9905214921365302
-0.2827815914800733,-0.9905036795886349
-0.2817815914800733,-0.9904859420496824
-0.2807815914800733,-0.9904682794472902
-0.2797815914800733,-0.9904506917092539
-0.2787815914800733,-0.990433178763508
-0.2777815914800733,-0.9904157405381859
-0.2767815914800733,-0.99039837696168
-0.2757815914800733,-0.9903810879627024
-0.2747815914800733,-0.9903638734703452
-0.2737815914800733,-0.99034673341414
-0.2727815914800733,-0.9903296677241199
-0.2717815914800733,-0.9903126763308782
-0.2707815914800733,-0.9902957591655797
-0.2697815914800733,-0.9902789161596789
-0.2687815914800733,-0.9902621472447922
-0.2677815914800733,-0.9902454523527435
-0.2667815914800733,-0.9902288314156055
-0.2657815914800733,-0.9902122843657398
-0.2647815914800733,-0.9901958111358388
-0.2637815914800733,-0.9901794116589654
-0.2627815914800733,-0.9901630858685947
-0.2617815914800733,-0.9901468336986542
-0.2607815914800733,-0.9901306550835651
-0.2597815914800733,-0.990114549958315
-0.2587815914800733,-0.9900985182583012
-0.2577815914800733,-0.9900825599190192
-0.2567815914800733,-0.990066674876091
-0.2557815914800733,-0.9900508630653316
-0.2547815914800733,-0.9900351244228157
-0.2537815914800733,-0.9900194588849441
-0.2527815914800733,-0.9900038663885102
-0.2517815914800733,-0.9899883468707672
-0.2507815914800733,-0.9899729002694936
-0.24978159148007328,-0.9899575265230545
-0.24878159148007328,-0.989942225570112
-0.24778159148007328,-0.989926997349331
-0.24678159148007328,-0.9899118417997033
-0.24578159148007317,-0.9898967588605736
-0.24478159148007328,-0.9898817484716331
-0.24378159148007317,-0.9898668105729123
-0.24278159148007328,-0.9898519451047739
-0.24178159148007317,-0.9898371520079069
-0.24078159148007328,-0.9898224312233193
-0.23978159148007316,-0.9898077826923313
-0.23878159148007327,-0.9897932063565665
-0.23778159148007316,-0.9897787021579285
-0.23678159148007327,-0.9897642700386788
-0.23578159148007316,-0.989749909941484
-0.23478159148007327,-0.9897356218093946
-0.23378159148007316,-0.989721405585821
-0.23278159148007327,-0.9897072612145116
-0.23178159148007316,-0.989693188639529
-0.23078159148007327,-0.9896791878052269
-0.22978159148007316,-0.9896652586562272
-0.22878159148007327,-0.9896514011373968
-0.22778159148007315,-0.9896376151938161
-0.22678159148007326,-0.98962390077076
-0.22578159148007315,-0.9896102578139117
-0.22478159148007326,-0.9895966862694203
-0.22378159148007315,-0.9895831860838612
-0.22278159148007326,-0.9895697572041945
-0.22178159148007337,-0.9895563995777245
-0.22078159148007326,-0.9895431131520593
-0.21978159148007337,-0.98952989787507
-0.21878159148007326,-0.9895167536948488
-0.21778159148007337,-0.9895036805596699
-0.21678159148007325,-0.989490678418007
-0.21578159148007336,-0.9894777472188022
-0.21478159148007325,-0.9894648869113755
-0.21378159148007336,-0.9894520974453512
-0.21278159148007325,-0.9894393787706597
-0.21178159148007336,-0.9894267308375374
-0.21078159148007325,-0.9894141535965282
-0.20978159148007336,-0.9894016469984837
-0.20878159148007325,-0.9893892109945641
-0.20778159148007336,-0.9893768455362396
-0.20678159148007325,-0.9893645505752903
-0.20578159148007336,-0.9893523260637381
-0.20478159148007324,-0.9893401719537621
-0.20378159148007335,-0.9893280881979137
-0.20278159148007324,-0.989316074749133
-0.20178159148007335,-0.9893041315607212
-0.20078159148007324,-0.9892922585863122
-0.19978159148007335,-0.9892804557798449
-0.19878159148007324,-0.989268723095535
-0.19778159148007335,-0.9892570604878471
-0.19678159148007324,-0.9892454679114666
-0.19578159148007335,-0.9892339453212725
-0.19478159148007324,-0.9892224926723752
-0.19378159148007335,-0.9892111099202698
-0.19278159148007323,-0.9891997970208402
-0.19178159148007334,-0.9891885539303301
-0.19078159148007323,-0.9891773806053196
-0.18978159148007334,-0.9891662770027
-0.18878159148007323,-0.98915524307965
-0.18778159148007334,-0.9891442787936106
-0.18678159148007323,-0.989133384102261
-0.18578159148007334,-0.9891225589634945
-0.18478159148007323,-0.9891118033354027
-0.18378159148007334,-0.9891011171764862
-0.18278159148007322,-0.9890905004456708
-0.18178159148007333,-0.9890799531020904
-0.18078159148007322,-0.9890694751050985
-0.17978159148007333,-0.9890590664142925
-0.17878159148007322,-0.9890487269895376
-0.17778159148007333,-0.9890384567909902
-0.17678159148007322,-0.9890282557791221
-0.17578159148007333,-0.9890181239147443
-0.17478159148007322,-0.989008061159031
-0.17378159148007333,-0.9889980674735444
-0.17278159148007322,-0.9889881428202062
-0.17178159148007333,-0.9889782871611077
-0.1707815914800732,-0.9889685004584731
-0.16978159148007332,-0.9889587826746996
-0.1687815914800732,-0.9889491337723983
-0.16778159148007332,-0.9889395537144355
-0.1667815914800732,-0.9889300424639732
-0.16578159148007332,-0.9889205999845099
-0.1647815914800732,-0.9889112262399221
-0.16378159148007332,-0.9889019211945048
-0.1627815914800732,-0.988892684812972
-0.16178159148007332,-0.9888835170602042
-0.1607815914800732,-0.9888744179012411
-0.15978159148007332,-0.9888653873013518
-0.1587815914800732,-0.9888564252260462
-0.1577815914800733,-0.9888475316410857
-0.1567815914800732,-0.988838706512494
-0.1557815914800733,-0.9888299498065677
-0.1547815914800732,-0.9888212614898878
-0.1537815914800733,-0.9888126415293299
-0.1527815914800732,-0.9888040898920752
-0.1517815914800733,-0.9887956065455938
-0.1507815914800732,-0.9887871914575801
-0.1497815914800733,-0.988778844596023
-0.1487815914800732,-0.9887705659292158
-0.1477815914800733,-0.9887623554257434
-0.1467815914800732,-0.988754213054471
-0.1457815914800733,-0.9887461387845312
-0.1447815914800732,-0.9887381325853126
-0.1437815914800733,-0.9887301944264467
-0.1427815914800732,-0.9887223242777964
-0.1417815914800733,-0.9887145221094444
-0.1407815914800732,-0.9887067878918238
-0.1397815914800733,-0.9886991215958191
-0.13878159148007319,-0.9886915231924805
-0.1377815914800733,-0.9886839926530175
-0.13678159148007318,-0.9886765299488343
-0.1357815914800733,-0.9886691350515648
-0.13478159148007318,-0.9886618079331093
-0.1337815914800733,-0.9886545485656684
-0.13278159148007318,-0.9886473569217791
-0.1317815914800733,-0.9886402329743503
-0.13078159148007318,-0.9886331766966939
-0.1297815914800733,-0.9886261880623767
-0.12878159148007318,-0.9886192670450518
-0.1277815914800733,-0.9886124136185785
-0.12678159148007317,-0.9886056277570454
-0.12578159148007328,-0.988598909434783
-0.12478159148007317,-0.9885922586263768
-0.12378159148007328,-0.9885856753066802
-0.12278159148007317,-0.9885791594508274
-0.12178159148007328,-0.9885727110342469
-0.12078159148007317,-0.9885663300326736
-0.11978159148007328,-0.9885600164221515
-0.11878159148007317,-0.9885537701788986
-0.11778159148007328,-0.9885475912793487
-0.11678159148007317,-0.988541479700257
-0.11578159148007328,-0.9885354354186843
-0.11478159148007316,-0.9885294584119778
-0.11378159148007327,-0.9885235486577522
-0.11278159148007316,-0.9885177061338707
-0.11178159148007327,-0.9885119308184255
-0.11078159148007316,-0.9885062226897197
-0.10978159148007327,-0.988500581726247
-0.10878159148007316,-0.9884950079066446
-0.10778159148007327,-0.9884895012095448
-0.10678159148007316,-0.9884840616138609
-0.10578159148007327,-0.9884786890989169
-0.10478159148007316,-0.9884733836444304
-0.10378159148007327,-0.9884681452304948
-0.10278159148007315,-0.9884629738375605
-0.10178159148007326,-0.9884578694464179
-0.10078159148007315,-0.9884528320381781
-0.09978159148007326,-0.9884478615942559
-0.09878159148007315,-0.988442958096351
-0.09778159148007326,-0.9884381215264301
-0.09678159148007315,-0.9884333518667091
-0.09578159148007326,-0.9884286490996347
-0.09478159148007315,-0.9884240132078664
-0.09378159148007326,-0.9884194441742585
-0.09278159148007337,-0.988414941981842
-0.09178159148007325,-0.9884105066138063
-0.09078159148007336,-0.9884061380534814
-0.08978159148007325,-0.9884018362843201
-0.08878159148007336,-0.9883976012898789
-0.08778159148007325,-0.9883934330538007
-0.08678159148007336,-0.9883893315597035
-0.08578159148007325,-0.9883852967912854
-0.08478159148007336,-0.9883813287328197
-0.08378159148007325,-0.9883774273691721
-0.08278159148007336,-0.9883735926857489
-0.08178159148007325,-0.9883698246684455
-0.08078159148007336,-0.9883661233035949
-0.07978159148007324,-0.9883624885779166
-0.07878159148007335,-0.9883589204784652
-0.07778159148007324,-0.9883554189925782
-0.07678159148007335,-0.9883519841078255
-0.07578159148007324,-0.9883486158119575
-0.07478159148007335,-0.9883453140928536
-0.07378159148007324,-0.9883420789384709
-0.07278159148007335,-0.9883389103367927
-0.07178159148007324,-0.9883358082757772
-0.07078159148007335,-0.9883327727433057
-0.06978159148007324,-0.9883298037271321
-0.06878159148007335,-0.9883269012149548
-0.06778159148007323,-0.9883240651949158
-0.06678159148007334,-0.9883212956557907
-0.06578159148007323,-0.9883185925869424
-0.06478159148007334,-0.9883159559782694
-0.06378159148007323,-0.9883133858201553
-0.06278159148007334,-0.9883108821034174
-0.06178159148007323,-0.9883084448192561
-0.06078159148007334,-0.988306073959203
-0.059781591480073226,-0.9883037695150712
-0.058781591480073336,-0.9883015314789027
-0.057781591480073224,-0.9882993598429188
-0.056781591480073335,-0.9882972545994682
-0.05578159148007322,-0.9882952157409761
-0.05478159148007333,-0.9882932432598935
-0.05378159148007322,-0.9882913371486457
-0.05278159148007333,-0.9882894973995816
-0.05178159148007322,-0.9882877240049239
-0.05078159148007333,-0.9882860169569017
-0.04978159148007322,-0.9882843762482482
-0.04878159148007333,-0.9882828018722775
-0.047781591480073216,-0.9882812938228349
-0.046781591480073326,-0.9882798520942541
-0.045781591480073214,-0.988278476681314
-0.044781591480073324,-0.9882771675791958
-0.04378159148007321,-0.9882759247834397
-0.04278159148007332,-0.9882747482899019
-0.04178159148007321,-0.9882736380947114
-0.04078159148007332,-0.988272594194227
-0.03978159148007321,-0.9882716165849941
-0.03878159148007332,-0.9882707052637016
-0.03778159148007321,-0.9882698602271394
-0.03678159148007332,-0.9882690814721539
-0.035781591480073205,-0.9882683689956065
-0.034781591480073315,-0.9882677227943294
-0.0337815914800732,-0.9882671428650875
-0.03278159148007331,-0.988266629204813
-0.0317815914800732,-0.9882661818110173
-0.03078159148007331,-0.9882658006816714
-0.0297815914800732,-0.9882654858151627
-0.02878159148007331,-0.9882652372102685
-0.027781591480073198,-0.9882650548661299
-0.026781591480073308,-0.9882649387822257
-0.025781591480073196,-0.9882648889583454
-0.024781591480073306,-0.9882649053945636
-0.023781591480073194,-0.9882649880912133
-0.022781591480073304,-0.9882651370488602
-0.021781591480073192,-0.9882653522682753
-0.020781591480073303,-0.9882656337504095
-0.01978159148007319,-0.9882659814963674
-0.0187815914800733,-0.98826639550738
-0.01778159148007319,-0.9882668757847797
-0.0167815914800733,-0.9882674223299729
-0.015781591480073187,-0.9882680351444206
-0.014781591480073297,-0.9882687142298482
-0.013781591480073185,-0.9882694595884657
-0.012781591480073295,-0.9882702712228278
-0.011781591480073184,-0.9882711491358113
-0.010781591480073294,-0.9882720933306017
-0.009781591480073182,-0.9882731038106829
-0.008781591480073292,-0.9882741805798243
-0.00778159148007318,-0.9882753236420692
-0.00678159148007329,-0.9882765330017226
-0.005781591480073178,-0.9882778086633399
-0.004781591480073288,-0.9882791506317146
-0.0037815914800731765,-0.988280558911866
-0.0027815914800732866,-0.9882820335090281
-0.0017815914800731747,-0.9882835744286371
-0.0007815914800732848,-0.9882851816763197
0.00021840851992682708,-0.9882868552578813
0.001218408519926717,-0.9882885951792936
0.002218408519926829,-0.9882904014466934
0.0032184085199267187,-0.9882922740666029
0.004218408519926831,-0.9882942130459667
0.0052184085199267205,-0.9882962183919531
0.006218408519926832,-0.9882982901119484
0.007218408519926722,-0.9883004282135603
0.008218408519926834,-0.9883026327046235
0.009218408519926724,-0.9883049035932021
0.010218408519926836,-0.9883072408875955
0.011218408519926726,-0.988309644596341
0.012218408519926838,-0.9883121147282193
0.013218408519926728,-0.9883146512922579
0.01421840851992684,-0.9883172542977352
0.01521840851992673,-0.9883199237541851
0.01621840851992684,-0.9883226596714008
0.01721840851992673,-0.9883254620594393
0.018218408519926843,-0.988328330928625
0.019218408519926733,-0.9883312662895547
0.020218408519926845,-0.9883342681531065
0.021218408519926735,-0.9883373365305124
0.022218408519926847,-0.9883404714332729
0.023218408519926736,-0.9883436728730629
0.02421840851992685,-0.988346940861739
0.025218408519926738,-0.9883502754113503
0.02621840851992685,-0.9883536765341482
0.02721840851992674,-0.9883571442425971
0.028218408519926852,-0.9883606785493851
0.029218408519926742,-0.9883642794674337
0.030218408519926854,-0.9883679470099086
0.031218408519926744,-0.9883716811902303
0.032218408519926856,-0.988375482022084
0.033218408519926745,-0.9883793495194304
0.034218408519926635,-0.9883832836965157
0.03521840851992675,-0.9883872845678823
0.03621840851992664,-0.9883913521483791
0.03721840851992675,-0.9883954864531719
0.03821840851992664,-0.9883996874977649
0.03921840851992675,-0.9884039552980968
0.04021840851992664,-0.9884082898703426
0.04121840851992675,-0.9884126912307789
0.04221840851992664,-0.9884171593958028
0.043218408519926754,-0.9884216943819517
0.044218408519926644,-0.9884262962059259
0.045218408519926756,-0.9884309648846085
0.046218408519926646,-0.9884357004350867
0.04721840851992676,-0.9884405028746731
0.04821840851992665,-0.9884453722209268
0.04921840851992676,-0.9884503084916738
0.05021840851992665,-0.988455311705029
0.05121840851992676,-0.9884603818794162
0.05221840851992665,-0.98846551903359
0.05321840851992676,-0.9884707231866564
0.05421840851992665,-0.9884759943580939
0.055218408519926765,-0.9884813325677744
0.056218408519926655,-0.9884867378359741
0.05721840851992677,-0.9884922101832261
0.05821840851992666,-0.9884977496301786
0.05921840851992677,-0.9885033561976161
0.06021840851992666,-0.988509029906476
0.06121840851992677,-0.988514770777866
0.06221840851992666,-0.9885205788330803
0.06321840851992677,-0.9885264540936173
0.06421840851992666,-0.9885323965811954
0.06521840851992677,-0.9885384063177708
0.06621840851992666,-0.9885444833255534
0.06721840851992678,-0.9885506276270245
0.06821840851992667,-0.9885568392449529
0.06921840851992678,-0.988563118202412
0.07021840851992667,-0.9885694645227971
0.07121840851992678,-0.9885758782298414
0.07221840851992667,-0.9885823593476332
0.07321840851992678,-0.9885889079006326
0.07421840851992667,-0.9885955239136971
0.07521840851992678,-0.9886022074120736
0.07621840851992667,-0.988608958421169
0.07721840851992678,-0.9886157769664884
0.07821840851992667,-0.9886226630736571
0.07921840851992679,-0.9886296167684449
0.08021840851992668,-0.9886366380767881
0.08121840851992679,-0.9886437270248136
0.08221840851992668,-0.9886508836388612
0.08321840851992679,-0.988658107945507
0.08421840851992668,-0.9886653999715868
0.08521840851992679,-0.9886727597442184
0.08621840851992668,-0.9886801872908259
0.0872184085199268,-0.9886876826391616
0.08821840851992668,-0.98869524581733
0.0892184085199268,-0.9887028768538104
0.09021840851992668,-0.9887105757774802
0.0912184085199268,-0.988718342617638
0.09221840851992669,-0.9887261774039964
0.0932184085199268,-0.988734080166452
0.09421840851992669,-0.9887420509350179
0.0952184085199268,-0.9887500897398723
0.09621840851992669,-0.9887581966113743
0.0972184085199268,-0.9887663715800779
0.09821840851992669,-0.9887746146767474
0.0992184085199268,-0.9887829259323722
0.1002184085199267,-0.9887913053781805
0.1012184085199268,-0.9887997530456556
0.1022184085199267,-0.9888082689665497
0.10321840851992681,-0.988816853172899
0.1042184085199267,-0.9888255056970382
0.10521840851992681,-0.9888342265716156
0.1062184085199267,-0.9888430158296077
0.10721840851992681,-0.9888518735043339
0.1082184085199267,-0.9888607996294717
0.10921840851992681,-0.9888697942390707
0.1102184085199267,-0.9888788573675917
0.11121840851992681,-0.9888879890499214
0.1122184085199267,-0.9888971893211069
0.11321840851992682,-0.988906458216304
0.1142184085199267,-0.9889157957707998
0.11521840851992682,-0.9889252020200384
0.11621840851992671,-0.9889346769996443
0.11721840851992682,-0.9889442207454471
0.11821840851992671,-0.9889538332935048
0.11921840851992682,-0.9889635146801291
0.12021840851992671,-0.988973264941909
0.12121840851992682,-0.9889830841157347
0.12221840851992671,-0.9889929722388228
0.12321840851992683,-0.9890029293487392
0.12421840851992672,-0.9890129554834247
0.12521840851992683,-0.989023050681218
0.12621840851992672,-0.9890332149808801
0.12721840851992683,-0.9890434484216195
0.12821840851992672,-0.9890537510430721
0.12921840851992683,-0.9890641228850683
0.13021840851992672,-0.9890745639875704
0.13121840851992683,-0.9890850743907074
0.13221840851992672,-0.9890956541347916
0.13321840851992683,-0.989106303260337
0.13421840851992672,-0.9891170218080761
0.13521840851992684,-0.9891278098189781
0.13621840851992673,-0.9891386673342654
0.13721840851992684,-0.9891495943954324
0.13821840851992673,-0.9891605910442621
0.13921840851992684,-0.9891716573228441
0.14021840851992673,-0.9891827932735919
0.14121840851992684,-0.9891939989392605
0.14221840851992673,-0.9892052743629638
0.14321840851992684,-0.9892166195881925
0.14421840851992673,-0.9892280346588311
0.14521840851992684,-0.9892395196191761
0.14621840851992673,-0.9892510745139957
0.14721840851992685,-0.989262699388511
0.14821840851992674,-0.989274394288069
0.14921840851992685,-0.9892861592581113
0.15021840851992674,-0.9892979943442036
0.15121840851992685,-0.9893098995920648
0.15221840851992674,-0.9893218750475974
0.15321840851992685,-0.9893339207569161
0.15421840851992674,-0.9893460367663787
0.15521840851992685,-0.9893582231226148
0.15621840851992674,-0.9893704798725559
0.15721840851992686,-0.989382807063465
0.15821840851992675,-0.9893952047429664
0.15921840851992686,-0.9894076729590745
0.16021840851992675,-0.9894202117602247
0.16121840851992664,-0.9894328211953022
0.16221840851992675,-0.9894455013136719
0.16321840851992664,-0.9894582521652082
0.16421840851992675,-0.9894710738002421
0.16521840851992664,-0.9894839662692636
0.16621840851992675,-0.9894969296228929
0.16721840851992664,-0.9895099639119176
0.16821840851992675,-0.9895230691873131
0.16921840851992664,-0.9895362455002646
0.17021840851992676,-0.9895494929021876
0.17121840851992665,-0.9895628114447496
0.17221840851992676,-0.9895762011798909
0.17321840851992665,-0.9895896621598461
0.17421840851992676,-0.9896031944371654
0.17521840851992665,-0.9896167980647351
0.17621840851992676,-0.9896304730958
0.17721840851992665,-0.9896442195839831
0.17821840851992676,-0.989658037583308
0.17921840851992665,-0.9896719271482195
0.18021840851992676,-0.9896858883336053
0.18121840851992665,-0.9896999211948168
0.18221840851992677,-0.9897140257877396
0.18321840851992666,-0.9897282021686816
0.18421840851992677,-0.9897424503940574
0.18521840851992666,-0.9897567705203841
0.18621840851992677,-0.9897711626043141
0.18721840851992666,-0.9897856267026679
0.18821840851992677,-0.9898001628724676
0.18921840851992666,-0.9898147711709694
0.19021840851992677,-0.9898294516556965
0.19121840851992666,-0.9898442043844724
0.19221840851992678,-0.9898590294154542
0.19321840851992667,-0.9898739268071647
0.19421840851992678,-0.989888896618526
0.19521840851992667,-0.9899039389088923
0.19621840851992678,-0.989919053738083
0.19721840851992667,-0.9899342411664157
0.19821840851992678,-0.9899495012547389
0.19921840851992667,-0.9899648340644644
0.20021840851992678,-0.9899802396574706
0.20121840851992667,-0.9899957180957816
0.20221840851992678,-0.9900112694415699
0.20321840851992667,-0.9900268937571923
0.2042184085199268,-0.9900425911052126
0.20521840851992668,-0.9900583615484256
0.2062184085199268,-0.9900742051498804
0.20721840851992668,-0.9900901219729046
0.2082184085199268,-0.9901061120811271
0.20921840851992668,-0.9901221755385022
0.2102184085199268,-0.9901383124093331
0.21121840851992668,-0.9901545227582955
0.2122184085199268,-0.990170806650461
0.21321840851992668,-0.9901871641513208
0.2142184085199268,-0.9902035953268095
0.21521840851992668,-0.9902201002433284
0.2162184085199268,-0.9902366789677692
0.2172184085199267,-0.9902533315675395
0.2182184085199268,-0.9902700581106668
0.2192184085199267,-0.9902868586656853
0.2202184085199268,-0.9903037333013557
0.2212184085199267,-0.9903206820866539
0.2222184085199268,-0.9903377050907806
0.2232184085199267,-0.9903548023831712
0.2242184085199268,-0.9903719740335057
0.2252184085199267,-0.9903892201117186
0.2262184085199268,-0.9904065406880087
0.2272184085199267,-0.9904239358328487
0.2282184085199268,-0.9904414056169958
0.2292184085199267,-0.9904589501115008
0.2302184085199268,-0.9904765693877181
0.2312184085199267,-0.9904942635173161
0.2322184085199268,-0.9905120325722863
0.2332184085199267,-0.9905298766249536
0.2342184085199268,-0.9905477957479866
0.2352184085199267,-0.990565790014406
0.23621840851992681,-0.9905838594975963
0.2372184085199267,-0.9906020042713143
0.23821840851992682,-0.9906202244096994
0.2392184085199267,-0.9906385199872838
0.24021840851992682,-0.9906568910790018
0.2412184085199267,-0.9906753377602
0.24221840851992682,-0.990693860106647
0.2432184085199267,-0.9907124581945433
0.24421840851992682,-0.9907311321005317
0.2452184085199267,-0.9907498819017058
0.24621840851992682,-0.9907687076756213
0.2472184085199267,-0.9907876095003051
0.24821840851992683,-0.9908065874542654
0.24921840851992672,-0.9908256416165016
0.2502184085199268,-0.9908447720665137
0.2512184085199267,-0.9908639788843127
0.25221840851992683,-0.9908832621504304
0.2532184085199267,-0.9909026219459531
0.25421840851992683,-0.9909220583531072
0.2552184085199267,-0.9909415714549775
0.25621840851992683,-0.9909611613346428
0.2572184085199267,-0.9909808280751641
0.25821840851992683,-0.9910005717596188
0.2592184085199267,-0.991020392471134
0.26021840851992684,-0.9910402902929213
0.2612184085199267,-0.9910602653083092
0.26221840851992684,-0.9910803176007774
0.2632184085199267,-0.9911004472539908
0.26421840851992684,-0.991120654351833
0.26521840851992673,-0.9911409389784397
0.26621840851992684,-0.9911613012182328
0.26721840851992673,-0.991181741155954
0.26821840851992684,-0.9912022588766988
0.26921840851992673,-0.9912228544659497
0.27021840851992684,-0.9912435280096102
0.27121840851992673,-0.9912642795940388
0.27221840851992685,-0.9912851093060823
0.27321840851992674,-0.9913060172331093
0.27421840851992685,-0.9913270034630449
0.27521840851992674,-0.9913480680844036
0.27621840851992685,-0.991369211186323
0.27721840851992674,-0.9913904328585981
0.27821840851992685,-0.9914117331917146
0.27921840851992674,-0.9914331122768826
0.28021840851992685,-0.9914545702060706
0.28121840851992674,-0.9914761070720389
0.28221840851992686,-0.9914977229683737
0.28321840851992675,-0.9915194179895191
0.28421840851992686,-0.991541192230621
0.28521840851992675,-0.9915630457869734
0.28621840851992686,-0.9915849787539096
0.28721840851992675,-0.9916069912268367
0.28821840851992686,-0.9916290833012654
0.28921840851992675,-0.9916512550728401
0.29021840851992664,-0.9916735066373679
0.29121840851992675,-0.9916958380908489
0.29221840851992664,-0.9917182495295058
0.29321840851992675,-0.9917407410498131
0.29421840851992664,-0.9917633127485275
0.29521840851992676,-0.9917859647227169
0.29621840851992665,-0.9918086970697906
0.29721840851992676,-0.9918315098875289
0.29821840851992665,-0.9918544032741126
0.29921840851992676,-0.9918773773281528
0.30021840851992665,-0.9919004321487206
0.30121840851992676,-0.9919235678353767
0.30221840851992665,-0.9919467844882014
0.30321840851992676,-0.9919700822078238
0.30421840851992665,-0.9919934610954517
0.30521840851992676,-0.9920169212529016
0.30621840851992665,-0.9920404627826279
0.30721840851992677,-0.9920640857877531
0.30821840851992666,-0.9920877903720968
0.30921840851992677,-0.9921115766402061
0.31021840851992666,-0.9921354446973848
0.31121840851992677,-0.9921593946497235
0.31221840851992666,-0.9921834266041287
0.31321840851992677,-0.9922075406683533
0.31421840851992666,-0.992231736950877
0.3152184085199268,-0.992256015560377
0.31621840851992666,-0.9922803766056832
0.3172184085199268,-0.9923048201958299
0.31821840851992667,-0.9923293464400792
0.3192184085199268,-0.9923539554479447
0.32021840851992667,-0.9923786473292144
0.3212184085199268,-0.9924034221939749
0.32221840851992667,-0.9924282801526344
0.3232184085199268,-0.9924532213159458
0.32421840851992667,-0.9924782457950312
0.3252184085199268,-0.9925033537014039
0.3262184085199267,-0.9925285451469932
0.3272184085199268,-0.9925538202441669
0.3282184085199267,-0.9925791791057555
0.3292184085199268,-0.9926046218450748
0.3302184085199267,-0.9926301485759501
0.3312184085199268,-0.9926557594127392
0.3322184085199267,-0.9926814544703559
0.3332184085199268,-0.9927072338642936
0.3342184085199267,-0.9927330977106488
0.3352184085199268,-0.9927590461261441
0.3362184085199267,-0.9927850792281521
0.3372184085199268,-0.9928111971347187
0.3382184085199267,-0.9928373999645864
0.3392184085199268,-0.9928636878372181
0.3402184085199267,-0.9928900608728202
0.3412184085199268,-0.9929165191923659
0.3422184085199267,-0.9929430629176194
0.3432184085199268,-0.9929696921711583
0.3442184085199267,-0.9929964070764175
0.3452184085199268,-0.9930232077575659
0.3462184085199267,-0.9930500943390607
0.3472184085199268,-0.9930770669455828
0.3482184085199267,-0.9931041257020652
0.3492184085199268,-0.9931312707337179
0.3502184085199267,-0.9931585021660556
0.3512184085199268,-0.993185820124924
0.3522184085199267,-0.993213224736526
0.3532184085199268,-0.9932407161274488
0.3542184085199267,-0.9932682944246902
0.3552184085199268,-0.9932959597556855
0.3562184085199267,-0.9933237122483335
0.3572184085199268,-0.9933515520310235
0.3582184085199267,-0.9933794792326622
0.3592184085199268,-0.9934074939826996
0.3602184085199267,-0.9934355964111559
0.3612184085199268,-0.9934637866486481
0.3622184085199267,-0.9934920648264168
0.3632184085199268,-0.9935204310763525
0.3642184085199267,-0.993548885531022
0.3652184085199268,-0.9935774283236957
0.3662184085199267,-0.9936060595883732
0.3672184085199268,-0.9936347794598108
0.3682184085199267,-0.9936635880735478
0.3692184085199268,-0.9936924855659326
0.3702184085199267,-0.99372147207415
0.3712184085199268,-0.9937505477362474
0.3722184085199267,-0.9937797126911614
0.3732184085199268,-0.9938089670787446
0.3742184085199267,-0.9938383110398475
0.3752184085199268,-0.9938677447165026
0.3762184085199267,-0.9938972682511895
0.37721840851992683,-0.9939268817865534
0.3782184085199267,-0.9939565854654396
0.37921840851992683,-0.9939863794309315
0.3802184085199267,-0.9940162638263857
0.38121840851992683,-0.9940462387954703
0.3822184085199267,-0.9940763044822003
0.38321840851992683,-0.9941064610309752
0.3842184085199267,-0.994136708586615
0.38521840851992684,-0.9941670472943975
0.3862184085199267,-0.9941974773000948
0.38721840851992684,-0.9942279987500097
0.3882184085199267,-0.9942586117910127
0.38921840851992684,-0.9942893165705786
0.39021840851992673,-0.9943201132368236
0.39121840851992684,-0.9943510019385411
0.39221840851992673,-0.9943819828252394
0.39321840851992684,-0.9944130560471774
0.39421840851992673,-0.9944442217554026
0.39521840851992684,-0.9944754801017863
0.39621840851992673,-0.9945068312390615
0.39721840851992685,-0.9945382753208588
0.39821840851992674,-0.9945698125017438
0.39921840851992685,-0.9946014429372532
0.40021840851992674,-0.9946331667839318
0.40121840851992685,-0.9946649841993691
0.40221840851992674,-0.994696895342236
0.40321840851992685,-0.9947289003723218
0.40421840851992674,-0.9947609994505873
0.40521840851992685,-0.9947931927392077
0.40621840851992674,-0.9948254804008286
0.40721840851992686,-0.9948578625982138
0.40821840851992675,-0.9948903394942917
0.40921840851992686,-0.9949229112522081
0.41021840851992675,-0.9949555780353788
0.41121840851992686,-0.9949883400075424
0.41221840851992675,-0.9950211973328134
0.41321840851992686,-0.995054150175734
0.41421840851992675,-0.9950871987013277
0.41521840851992686,-0.9951203430751518
0.41621840851992675,-0.9951535834633499
0.41721840851992686,-0.9951869200327049
0.41821840851992675,-0.9952203529506916
0.41921840851992664,-0.995253882385529
0.42021840851992676,-0.9952875085062343
0.42121840851992665,-0.995321231482674
0.42221840851992676,-0.995355051485618
0.42321840851992665,-0.9953889686867913
0.42421840851992676,-0.9954229832589274
0.42521840851992665,-0.9954570953758208
0.42621840851992676,-0.9954913052123798
0.42721840851992665,-0.9955256129446789
0.42821840851992676,-0.9955600187500121
0.42921840851992665,-0.9955945228069449
0.43021840851992676,-0.9956291252953681
0.43121840851992665,-0.9956638263965432
0.43221840851992677,-0.9956986262928391
0.43321840851992666,-0.9957335251670179
0.43421840851992677,-0.9957685232021015
0.43521840851992666,-0.9958036205814207
0.43621840851992677,-0.9958388174886632
0.43721840851992666,-0.9958741141079227
0.43821840851992677,-0.9959095106237463
0.43921840851992666,-0.9959450072211838
0.4402184085199268,-0.9959806040858354
0.44121840851992666,-0.9960163014039005
0.4422184085199268,-0.9960520993622263
0.44321840851992667,-0.9960879981483555
0.4442184085199268,-0.996123997950575
0.44521840851992667,-0.9961600989579651
0.4462184085199268,-0.9961963013604463
0.44721840851992667,-0.9962326053488292
0.4482184085199268,-0.9962690111148619
0.44921840851992667,-0.996305518851279
0.4502184085199268,-0.9963421287518497
0.4512184085199267,-0.996378841011426
0.4522184085199268,-0.9964156558259919
0.4532184085199267,-0.9964525733927108
0.4542184085199268,-0.9964895939099743
0.4552184085199267,-0.996526717577451
0.4562184085199268,-0.9965639445961342
0.4572184085199267,-0.9966012751683908
0.4582184085199268,-0.9966387094980107
0.4592184085199267,-0.9966762477901981
0.4602184085199268,-0.9967138902509299
0.4612184085199267,-0.9967516370864868
0.4622184085199268,-0.9967894885034898
0.4632184085199267,-0.9968274447089635
0.4642184085199268,-0.9968655059103982
0.4652184085199267,-0.9969036723158142
0.4662184085199268,-0.9969419441338233
0.4672184085199267,-0.9969803215736925
0.4682184085199268,-0.9970188048454068
0.4692184085199267,-0.9970573941597324
0.4702184085199268,-0.9970960897282789
0.4712184085199267,-0.9971348917635628
0.4722184085199268,-0.9971738004790708
0.4732184085199267,-0.9972128160893214
0.4742184085199268,-0.9972519388099296
0.4752184085199267,-0.9972911688576681
0.4762184085199268,-0.9973305064505317
0.4772184085199267,-0.9973699518077992
0.4782184085199268,-0.997409505150097
0.4792184085199267,-0.9974491666994613
0.4802184085199268,-0.9974889366794021
0.4812184085199267,-0.9975288153149651
0.4822184085199268,-0.997568802832795
0.4832184085199267,-0.9976088994612007
0.4842184085199268,-0.9976491054298099
0.4852184085199267,-0.9976894209687414
0.4862184085199268,-0.9977298463085033
0.4872184085199267,-0.9977703816800618
0.4882184085199268,-0.9978110273149094
0.4892184085199267,-0.9978517834451331
0.4902184085199268,-0.9978926503034824
0.4912184085199267,-0.9979336281234383
0.4922184085199268,-0.9979747171392813
0.4932184085199267,-0.9980159175861596
0.4942184085199268,-0.9980572297001573
0.4952184085199267,-0.9980986537183635
0.4962184085199268,-0.9981401898789395
0.4972184085199267,-0.9981818384211879
0.4982184085199268,-0.9982235995856207
0.4992184085199267,-0.9982654736140277
0.5002184085199268,-0.9983074607495445
0.5012184085199267,-0.9983495612367213
0.5022184085199268,-0.9983917753215905
0.5032184085199267,-0.9984341032517362
0.5042184085199268,-0.9984765452763612
0.5052184085199267,-0.9985191016463562
0.5062184085199268,-0.9985617726143676
0.5072184085199267,-0.9986045584348854
0.5082184085199268,-0.9986474593645905
0.5092184085199267,-0.9986904756614146
0.5102184085199268,-0.9987336075835699
0.5112184085199267,-0.9987768553896001
0.5122184085199268,-0.9988202193384745
0.5132184085199267,-0.9988636996896821
0.5142184085199268,-0.9989072967033255
0.5152184085199267,-0.9989510106402153
0.5162184085199268,-0.9989948417619641
0.5172184085199267,-0.9990387903310805
0.5182184085199268,-0.9990828566110633
0.5192184085199267,-0.9991270408664957
0.5202184085199268,-0.9991713433631395
0.5212184085199267,-0.9992157643680285
0.5222184085199268,-0.9992603041495636
0.5232184085199267,-0.9993049629776061
0.5242184085199268,-0.9993497411235726
0.5252184085199267,-0.9993946388605282
0.5262184085199269,-0.9994396564632813
0.5272184085199267,-0.9994847942084774
0.5282184085199269,-0.9995300523746933
0.5292184085199267,-0.9995754312425311
0.5302184085199269,-0.9996209310947128
0.5312184085199267,-0.9996665522161734
0.5322184085199269,-0.9997122948942367
0.5332184085199267,-0.9997581594180789
0.5342184085199269,-0.9998041460771921
0.5352184085199267,-0.9998502551612597
0.5362184085199269,-0.9998964869602937
0.5372184085199267,-0.9999428417647724
0.5382184085199269,-0.9999893198657789
0.5392184085199268,-1.0000359215551373
0.5402184085199269,-1.0000826471255524
0.5412184085199268,-1.0001294968707455
0.5422184085199269,-1.0001764710855936
0.5432184085199268,-1.0002235700662663
0.5442184085199269,-1.000270794110364
0.5452184085199268,-1.0003181435170552
0.5462184085199266,-1.0003656185872143
0.5472184085199268,-1.0004132196235602
0.5482184085199266,-1.0004609469307923
0.5492184085199268,-1.0005088008157303
0.5502184085199266,-1.0005567815874503
0.5512184085199268,-1.0006048895574227
0.5522184085199267,-1.0006531250396513
0.5532184085199268,-1.0007014883508094
0.5542184085199267,-1.0007499798101855
0.5552184085199268,-1.000798599738369
0.5562184085199267,-1.0008473484563682
0.5572184085199268,-1.0008962262856913
0.5582184085199267,-1.0009452335484732
0.5592184085199268,-1.0009943705675994
0.5602184085199267,-1.0010436376668344
0.5612184085199268,-1.0010930351709446
0.5622184085199267,-1.0011425634058266
0.5632184085199268,-1.0011922226986323
0.5642184085199267,-1.0012420133778936
0.5652184085199268,-1.0012919357736496
0.5662184085199267,-1.001341990217572
0.5672184085199268,-1.0013921770430907
0.5682184085199267,-1.00144249658552
0.5692184085199268,-1.0014929491821842
0.5702184085199267,-1.0015435351725432
0.5712184085199268,-1.0015942548983188
0.5722184085199267,-1.0016451087036204
0.5732184085199268,-1.0016960969350706
0.5742184085199267,-1.001747219941931
0.5752184085199268,-1.0017984780762288
0.5762184085199267,-1.0018498716927464
0.5772184085199268,-1.0019014011478833
0.5782184085199267,-1.0019530667986696
0.5792184085199268,-1.002004869002828
0.5802184085199267,-1.0020568081189214
0.5812184085199268,-1.0021088845064998
0.5822184085199267,-1.0021610985262488
0.5832184085199268,-1.0022134505401366
0.5842184085199267,-1.0022659409115628
0.5852184085199268,-1.0023185700055053
0.5862184085199267,-1.0023713381886679
0.5872184085199268,-1.0024242458296286
0.5882184085199267,-1.0024772932989874
0.5892184085199268,-1.0025304809695132
0.5902184085199267,-1.0025838092162929
0.5912184085199268,-1.002637278416877
0.5922184085199267,-1.00269088895143
0.5932184085199268,-1.0027446412028758
0.5942184085199267,-1.002798535557047
0.5952184085199268,-1.0028525724028305
0.5962184085199267,-1.002906752132004
0.5972184085199268,-1.002961075137878
0.5982184085199267,-1.0030155418146847
0.5992184085199268,-1.003070152557695
0.6002184085199267,-1.0031249077633577
0.6012184085199268,-1.0031798078294383
0.6022184085199267,-1.0032348531551591
0.6032184085199268,-1.0032900441413388
0.6042184085199267,-1.0033453811905304
0.6052184085199268,-1.0034008647071626
0.6062184085199267,-1.0034564950976776
0.6072184085199268,-1.0035122727706711
0.6082184085199267,-1.0035681981370312
0.6092184085199268,-1.0036242716100792
0.6102184085199267,-1.0036804936057067
0.6112184085199268,-1.0037368645425166
0.6122184085199267,-1.003793384841963
0.6132184085199268,-1.0038500549284877
0.6142184085199267,-1.0039068752296634
0.6152184085199268,-1.0039638461763538
0.6162184085199267,-1.004020968203123
0.6172184085199268,-1.0040782417467173
0.6182184085199267,-1.0041356672447295
0.6192184085199268,-1.0041932451357294
0.6202184085199267,-1.004250975859455
0.6212184085199268,-1.0043088598570038
0.6222184085199267,-1.0043668975710227
0.6232184085199268,-1.0044250894458997
0.6242184085199267,-1.0044834359279537
0.6252184085199268,-1.0045419374656273
0.6262184085199267,-1.004600594509675
0.6272184085199268,-1.004659407513356
0.6282184085199267,-1.0047183769326242
0.6292184085199268,-1.00477750322632
0.6302184085199267,-1.0048367868563595
0.6312184085199268,-1.0048962282879264
0.6322184085199267,-1.0049558279896629
0.6332184085199268,-1.0050155864338604
0.6342184085199267,-1.00507550409665
0.6352184085199268,-1.0051355814582124
0.6362184085199267,-1.005195819002427
0.6372184085199268,-1.0052562172146287
0.6382184085199267,-1.005316776580985
0.6392184085199268,-1.0053774975887528
0.6402184085199267,-1.0054383807265392
0.6412184085199268,-1.0054994264845656
0.6422184085199267,-1.0055606353549293
0.6432184085199268,-1.0056220078318676
0.6442184085199267,-1.005683544412019
0.6452184085199268,-1.0057452455946874
0.6462184085199267,-1.0058071118821046
0.6472184085199268,-1.0058691437796923
0.6482184085199267,-1.0059313417963258
0.6492184085199268,-1.0059937064445958
0.6502184085199267,-1.0060562382410727
0.6512184085199269,-1.006118937706568
0.6522184085199267,-1.0061818053663971
0.6532184085199269,-1.0062448417504173
0.6542184085199267,-1.006308047391091
0.6552184085199269,-1.0063714228222673
0.6562184085199267,-1.0064349685794571
0.6572184085199269,-1.0064986852000386
0.6582184085199267,-1.0065625732234598
0.6592184085199269,-1.0066266331914446
0.6602184085199267,-1.0066908656481952
0.6612184085199269,-1.0067552711405965
0.6622184085199267,-1.00681985021842
0.6632184085199269,-1.0068846034345285
0.6642184085199268,-1.006949531345079
0.6652184085199269,-1.0070146345097277
0.6662184085199268,-1.0070799134918336
0.6672184085199269,-1.0071453688586622
0.6682184085199268,-1.00721100118159
0.6692184085199269,-1.007276811036308
0.6702184085199268,-1.0073427990030261
0.6712184085199269,-1.0074089656667278
0.6722184085199268,-1.0074753116162611
0.6732184085199266,-1.0075418374424145
0.6742184085199268,-1.0076085437378561
0.6752184085199266,-1.0076754310973757
0.6762184085199268,-1.0077425001181257
0.6772184085199267,-1.0078097513998625
0.6782184085199268,-1.0078771855451873
0.6792184085199267,-1.0079448031597875
0.6802184085199268,-1.008012604852678
0.6812184085199267,-1.0080805912364423
0.6822184085199268,-1.0081487629274732
0.6832184085199267,-1.0082171205462143
0.6842184085199268,-1.0082856647174017
0.6852184085199267,-1.0083543960703043
0.6862184085199268,-1.0084233152389652
0.6872184085199267,-1.0084924228624434
0.6882184085199268,-1.0085617195850556
0.6892184085199267,-1.00863120605646
0.6902184085199268,-1.008700882929856
0.6912184085199267,-1.0087707508604462
0.6922184085199268,-1.008840810505629
0.6932184085199267,-1.0089110625253157
0.6942184085199268,-1.0089815075822448
0.6952184085199267,-1.009052146342299
0.6962184085199268,-1.0091229794748215
0.6972184085199267,-1.0091940076529309
0.6982184085199268,-1.0092652315538373
0.6992184085199267,-1.0093366518591596
0.7002184085199268,-1.0094082692552393
0.7012184085199267,-1.0094800844334586
0.7022184085199268,-1.0095520980905548
0.7032184085199267,-1.0096243109289367
0.7042184085199268,-1.0096967236569987
0.7052184085199267,-1.0097693369885992
0.7062184085199268,-1.009842151640662
0.7072184085199267,-1.0099151683330982
0.7082184085199268,-1.009988387789121
0.7092184085199267,-1.0100618107354644
0.7102184085199268,-1.010135437902602
0.7112184085199267,-1.010209270024965
0.7122184085199268,-1.0102833078411608
0.7132184085199267,-1.0103575520941928
0.7142184085199268,-1.0104320035316765
0.7152184085199267,-1.0105066629060608
0.7162184085199268,-1.0105815309748443
0.7172184085199267,-1.0106566085007953
0.7182184085199268,-1.0107318962521696
0.7192184085199267,-1.0108073950029293
0.7202184085199268,-1.0108831055329646
0.7212184085199267,-1.0109590286291699
0.7222184085199268,-1.0110351650851095
0.7232184085199267,-1.011111515697227
0.7242184085199268,-1.0111880812647243
0.7252184085199267,-1.0112648625899807
0.7262184085199268,-1.011341860478974
0.7272184085199267,-1.0114190757416996
0.7282184085199268,-1.011496509192591
0.7292184085199267,-1.0115741616509397
0.7302184085199268,-1.0116520339413149
0.7312184085199267,-1.0117301268939838
0.7322184085199268,-1.011808441345332
0.7332184085199267,-1.0118869781382824
0.7342184085199268,-1.011965738122716
0.7352184085199267,-1.0120447221558924
0.7362184085199268,-1.0121239311028687
0.7372184085199267,-1.0122033658368752
0.7382184085199268,-1.012283027236914
0.7392184085199267,-1.0123629161846637
0.7402184085199268,-1.0124430335647159
0.7412184085199267,-1.0125233802651703
0.7422184085199268,-1.0126039571782288
0.7432184085199267,-1.012684765200789
0.7442184085199268,-1.0127658052350403
0.7452184085199267,-1.012847078189056
0.7462184085199268,-1.0129285849773895
0.7472184085199267,-1.0130103265216677
0.7482184085199268,-1.0130923037511859
0.7492184085199267,-1.0131745176035014
0.7502184085199268,-1.0132569690250286
0.7512184085199267,-1.013339658971685
0.7522184085199268,-1.0134225884082018
0.7532184085199267,-1.0135057583032583
0.7542184085199266,-1.0135891696283692
0.7552184085199269,-1.013672823358582
0.7562184085199268,-1.0137567204731872
0.7572184085199267,-1.0138408619564294
0.7582184085199266,-1.0139252487982173
0.759218408519927,-1.014009881994836
0.7602184085199268,-1.0140947625496552
0.7612184085199267,-1.0141798914738427
0.7622184085199266,-1.0142652697870724
0.763218408519927,-1.0143508985182375
0.7642184085199268,-1.0144367787061588
0.7652184085199267,-1.0145229114003051
0.7662184085199266,-1.0146092976613288
0.767218408519927,-1.014695938556428
0.7682184085199268,-1.0147828351552246
0.7692184085199267,-1.0148699885305
0.7702184085199266,-1.0149573997592574
0.771218408519927,-1.0150450699237852
0.7722184085199268,-1.01513300011272
0.7732184085199267,-1.015221191422107
0.7742184085199266,-1.015309644956466
0.775218408519927,-1.0153983618298519
0.7762184085199269,-1.0154873431669176
0.7772184085199267,-1.0155765901039773
0.7782184085199266,-1.0156661037900634
0.779218408519927,-1.0157558853864104
0.7802184085199269,-1.0158459360602359
0.7812184085199267,-1.015936256982215
0.7822184085199266,-1.0160268493273885
0.783218408519927,-1.0161177142761795
0.7842184085199269,-1.0162088530154059
0.7852184085199267,-1.016300266739297
0.7862184085199266,-1.0163919566505073
0.787218408519927,-1.0164839239611314
0.7882184085199269,-1.0165761698937186
0.7892184085199268,-1.0166686956822877
0.7902184085199266,-1.0167615025733416
0.791218408519927,-1.0168545918268914
0.7922184085199269,-1.0169479647169082
0.7932184085199268,-1.0170416225254983
0.7942184085199266,-1.0171355665386372
0.795218408519927,-1.0172297980470735
0.7962184085199269,-1.0173243183475231
0.7972184085199268,-1.0174191287438632
0.7982184085199266,-1.0175142305483276
0.799218408519927,-1.0176096250826996
0.8002184085199269,-1.0177053136795071
0.8012184085199268,-1.0178012976832174
0.8022184085199267,-1.0178975784514304
0.8032184085199265,-1.0179941573560733
0.8042184085199269,-1.0180910357846067
0.8052184085199268,-1.0181882151403576
0.8062184085199267,-1.0182856968351737
0.8072184085199265,-1.0183834822846494
0.8082184085199269,-1.0184815729094971
0.8092184085199268,-1.018579970137234
0.8102184085199267,-1.01867867540387
0.8112184085199265,-1.0187776901555954
0.8122184085199269,-1.018877015850469
0.8132184085199268,-1.0189766539601042
0.8142184085199267,-1.0190766059713585
0.8152184085199266,-1.0191768733880198
0.8162184085199269,-1.019277457732646
0.8172184085199268,-1.0193783605462206
0.8182184085199267,-1.0194795833762393
0.8192184085199266,-1.019581127773164
0.8202184085199269,-1.0196829952926285
0.8212184085199268,-1.0197851874977204
0.8222184085199267,-1.019887705961262
0.8232184085199266,-1.0199905522680923
0.8242184085199269,-1.0200937280173483
0.8252184085199268,-1.0201972348247468
0.8262184085199267,-1.0203010743248655
0.8272184085199266,-1.020405248173425
0.8282184085199269,-1.0205097580502216
0.8292184085199268,-1.0206146056545435
0.8302184085199267,-1.020719792687656
0.8312184085199266,-1.0208253208521523
0.8322184085199269,-1.020931191855241
0.8332184085199268,-1.021037407412031
0.8342184085199267,-1.0211439692488151
0.8352184085199266,-1.0212508791063586
0.8362184085199269,-1.0213581387431816
0.8372184085199268,-1.0214657499388469
0.8382184085199267,-1.0215737144972437
0.8392184085199266,-1.021682034249866
0.8402184085199269,-1.0217907110550675
0.8412184085199268,-1.0218997467801312
0.8422184085199267,-1.0220091432931848
0.8432184085199266,-1.022118902466647
0.8442184085199269,-1.0222290261811253
0.8452184085199268,-1.0223395163293134
0.8462184085199267,-1.0224503748198879
0.8472184085199266,-1.0225616035814071
0.8482184085199269,-1.022673204566208
0.8492184085199268,-1.0227851797543026
0.8502184085199267,-1.0228975311574244
0.8512184085199266,-1.0230102608144098
0.8522184085199269,-1.0231233707675949
0.8532184085199268,-1.0232368630597988
0.8542184085199267,-1.0233507397392827
0.8552184085199266,-1.0234650028647467
0.8562184085199269,-1.0235796545103286
0.8572184085199268,-1.0236946967706018
0.8582184085199267,-1.0238101317655728
0.8592184085199266,-1.0239259616456797
0.8602184085199269,-1.02404218859681
0.8612184085199268,-1.0241588148442076
0.8622184085199267,-1.0242758426306084
0.8632184085199266,-1.0243932741949349
0.8642184085199269,-1.0245111117767605
0.8652184085199268,-1.0246293576227983
0.8662184085199267,-1.0247480139933893
0.8672184085199266,-1.0248670831689914
0.8682184085199269,-1.0249865674566672
0.8692184085199268,-1.025106469196572
0.8702184085199267,-1.0252267907684436
0.8712184085199266,-1.0253475345967866
0.8722184085199269,-1.0254687031327716
0.8732184085199268,-1.0255902988284524
0.8742184085199267,-1.0257123241399437
0.8752184085199266,-1.0258347815336968
0.8762184085199269,-1.025957673492741
0.8772184085199268,-1.026081002522929
0.8782184085199267,-1.0262047711591793
0.8792184085199266,-1.0263289819717198
0.8802184085199269,-1.026453637572375
0.8812184085199268,-1.0265787406212905
0.8822184085199267,-1.0267042938020625
0.8832184085199266,-1.02683029979403
0.884218408519927,-1.0269567612789094
0.8852184085199268,-1.027083680950228
0.8862184085199267,-1.0272110615227552
0.8872184085199266,-1.0273389057419349
0.888218408519927,-1.0274672163933174
0.8892184085199268,-1.027595996311992
0.8902184085199267,-1.027725248391947
0.8912184085199266,-1.0278549755729338
0.892218408519927,-1.0279851807922082
0.8932184085199268,-1.0281158669817212
0.8942184085199267,-1.0282470370797412
0.8952184085199266,-1.0283786940425241
0.896218408519927,-1.0285108408559822
0.8972184085199268,-1.028643480547353
0.8982184085199267,-1.0287766161968694
0.8992184085199266,-1.0289102509492003
0.900218408519927,-1.0290443880004974
0.9012184085199269,-1.0291790305511124
0.9022184085199267,-1.0293141818117486
0.9032184085199266,-1.0294498450121718
0.904218408519927,-1.0295860234083127
0.9052184085199269,-1.0297227202893675
0.9062184085199267,-1.0298599389849001
0.9072184085199266,-1.0299976828719426
0.908218408519927,-1.0301359553770584
0.9092184085199269,-1.0302747599447752
0.9102184085199267,-1.0304141000503058
0.9112184085199266,-1.030553979213029
0.912218408519927,-1.0306944009936743
0.9132184085199269,-1.0308353689914063
0.9142184085199268,-1.0309768868409088
0.9152184085199266,-1.0311189582094704
0.916218408519927,-1.0312615867941073
0.9172184085199269,-1.0314047763246557
0.9182184085199268,-1.0315485305772396
0.9192184085199266,-1.0316928533738565
0.920218408519927,-1.0318377485806902
0.9212184085199269,-1.0319832201069015
0.9222184085199268,-1.0321292719034172
0.9232184085199266,-1.0322759079617216
0.924218408519927,-1.032423132312647
0.9252184085199269,-1.0325709490282493
0.9262184085199268,-1.032719362241422
0.9272184085199267,-1.032868376125065
0.928218408519927,-1.033017994882448
0.9292184085199269,-1.0331682227550973
0.9302184085199268,-1.0333190640308216
0.9312184085199267,-1.0334705230517367
0.9322184085199265,-1.033622604222294
0.9332184085199269,-1.033775312018125
0.9342184085199268,-1.033928650969553
0.9352184085199267,-1.0340826256301077
0.9362184085199265,-1.0342372405838387
0.9372184085199269,-1.0343925004579706
0.9382184085199268,-1.0345484099355577
0.9392184085199267,-1.0347049737681409
0.9402184085199266,-1.034862196788311
0.9412184085199269,-1.035020083908568
0.9422184085199268,-1.0351786400803489
0.9432184085199267,-1.035337870284163
0.9442184085199266,-1.0354977795417761
0.9452184085199269,-1.035658372928906
0.9462184085199268,-1.035819655587914
0.9472184085199267,-1.035981632740499
0.9482184085199266,-1.036144309699014
0.9492184085199269,-1.0363076918485399
0.9502184085199268,-1.0364717846108118
0.9512184085199267,-1.0366365934501236
0.9522184085199266,-1.036802123887436
0.9532184085199269,-1.0369683815144892
0.9542184085199268,-1.0371353720079166
0.9552184085199267,-1.0373031011430418
0.9562184085199266,-1.0374715747796712
0.9572184085199269,-1.0376407988165495
0.9582184085199268,-1.0378107791971936
0.9592184085199267,-1.0379815219284916
0.9602184085199266,-1.0381530330993172
0.9612184085199269,-1.0383253188991426
0.9622184085199268,-1.0384983856375454
0.9632184085199267,-1.0386722397209862
0.9642184085199266,-1.0388468875838477
0.9652184085199269,-1.0390223357006299
0.9662184085199268,-1.0391985906148948
0.9672184085199267,-1.0393756589682135
0.9682184085199266,-1.0395535475291102
0.9692184085199269,-1.03973226321281
0.9702184085199268,-1.0399118130175988
0.9712184085199267,-1.0400922039702283
0.9722184085199266,-1.0402734431537988
0.9732184085199269,-1.04045553774311
0.9742184085199268,-1.0406384950400092
0.9752184085199267,-1.0408223225070274
0.9762184085199266,-1.0410070277338193
0.9772184085199269,-1.0411926183405829
0.9782184085199268,-1.0413791019957472
0.9792184085199267,-1.0415664864605632
0.9802184085199266,-1.0417547796337294
0.9812184085199269,-1.0419439895957368
0.9822184085199268,-1.0421341245979074
0.9832184085199267,-1.0423251929306239
0.9842184085199266,-1.0425172029190983
0.9852184085199269,-1.0427101629788773
0.9862184085199268,-1.042904081671985
0.9872184085199267,-1.0430989677622966
0.9882184085199266,-1.043294830207532
0.9892184085199269,-1.0434916780267565
0.9902184085199268,-1.0436895202978995
0.9912184085199267,-1.0438883662102807
0.9922184085199266,-1.0440882251173758
0.9932184085199269,-1.0442891065893174
0.9942184085199268,-1.0444910203797804
0.9952184085199267,-1.0446939762819218
0.9962184085199266,-1.044897984159239
0.9972184085199269,-1.0451030540241784
0.9982184085199268,-1.0453091961168837
0.9992184085199267,-1.0455164209552883
1.0002184085199266,-1.0457247391738198
1.001218408519927,-1.0459341614293904
1.0022184085199268,-1.0461446984878542
1.0032184085199267,-1.0463563613216684
1.0042184085199266,-1.0465691611994663
1.005218408519927,-1.0467831096094697
1.0062184085199268,-1.0469982181186133
1.0072184085199267,-1.0472144984244947
1.0082184085199266,-1.0474319624156654
1.009218408519927,-1.047650622224302
1.0102184085199268,-1.0478704901732627
1.0112184085199267,-1.048091578771685
1.0122184085199266,-1.0483139007543583
1.013218408519927,-1.048537469058525
1.0142184085199268,-1.0487622968003976
1.0152184085199267,-1.0489883972931187
1.0162184085199266,-1.0492157840953626
1.017218408519927,-1.049444471005528
1.0182184085199268,-1.0496744720497773
1.0192184085199267,-1.0499058014736637
1.0202184085199266,-1.0501384737838237
1.021218408519927,-1.0503725037195668
1.0222184085199268,-1.0506079062288503
1.0232184085199267,-1.050844696516743
1.0242184085199266,-1.051082890096567
1.025218408519927,-1.0513225028094355
1.0262184085199269,-1.0515635507166021
1.0272184085199267,-1.051806050093639
1.0282184085199266,-1.0520500175030623
1.029218408519927,-1.0522954698677143
1.0302184085199269,-1.0525424244770551
1.0312184085199267,-1.0527908988639563
1.0322184085199266,-1.0530409108210008
1.033218408519927,-1.05329247848032
1.0342184085199269,-1.0535456203820865
1.0352184085199267,-1.053800355413932
1.0362184085199266,-1.0540567027413301
1.037218408519927,-1.0543146818672915
1.0382184085199269,-1.054574312706135
1.0392184085199268,-1.0548356156272072
1.0402184085199266,-1.0550986113257892
1.041218408519927,-1.055363320808189
1.0422184085199269,-1.055629765503008
1.0432184085199268,-1.055897967368689
1.0442184085199266,-1.0561679488186517
1.045218408519927,-1.0564397325624948
1.0462184085199269,-1.0567133417362442
1.0472184085199268,-1.056988800075104
1.0482184085199266,-1.0572661318548529
1.049218408519927,-1.057545361657348
1.0502184085199269,-1.057826514518926
1.0512184085199268,-1.0581096161571444
1.0522184085199267,-1.0583946929366455
1.053218408519927,-1.0586817715268562
1.0542184085199269,-1.0589708790699106
1.0552184085199268,-1.0592620434838307
1.0562184085199267,-1.0595552934222385
1.057218408519927,-1.0598506578987426
1.0582184085199269,-1.0601481664978807
1.0592184085199268,-1.060447849698366
1.0602184085199267,-1.0607497386486304
1.0612184085199265,-1.061053864894784
1.0622184085199269,-1.061360260762178
1.0632184085199268,-1.06166895961984
1.0642184085199267,-1.061979995380802
1.0652184085199266,-1.06229340249982
1.0662184085199269,-1.06260921645074
1.0672184085199268,-1.0629274736945862
1.0682184085199267,-1.0632482112886623
1.0692184085199266,-1.0635714671651284
1.070218408519927,-1.0638972803055882
1.0712184085199268,-1.0642256905587726
1.0722184085199267,-1.0645567387132069
1.0732184085199266,-1.0648904665762178
1.074218408519927,-1.065226916978291
1.0752184085199268,-1.0655661337603273
1.0762184085199267,-1.0659081619021538
1.0772184085199266,-1.0662530475570975
1.078218408519927,-1.0666008379279477
1.0792184085199268,-1.0669515814949966
1.0802184085199267,-1.0673053280468339
1.0812184085199266,-1.0676621285706782
1.082218408519927,-1.0680220354392316
1.0832184085199268,-1.0683851024454587
1.0842184085199267,-1.0687513847715522
1.0852184085199266,-1.0691209391213132
1.086218408519927,-1.069493823768454
1.0872184085199268,-1.0698700985066747
1.0882184085199267,-1.0702498248701795
1.0892184085199266,-1.0706330661458565
1.090218408519927,-1.0710198872585477
1.0912184085199268,-1.071410355197254
1.0922184085199267,-1.07180453876914
1.0932184085199266,-1.0722025087232032
1.094218408519927,-1.0726043381390968
1.0952184085199268,-1.0730101019898262
1.0962184085199267,-1.073419877650787
1.0972184085199266,-1.073833744957383
1.098218408519927,-1.0742517858735299
1.0992184085199268,-1.0746740852643542
1.1002184085199267,-1.0751007304708833
1.1012184085199266,-1.0755318116004375
1.102218408519927,-1.0759674218470259
1.1032184085199268,-1.0764076570631984
1.1042184085199267,-1.0768526167043386
1.1052184085199266,-1.0773024031111185
1.106218408519927,-1.0777571222685345
1.1072184085199268,-1.078216883796831
1.1082184085199267,-1.0786818009266843
1.1092184085199266,-1.0791519910232117
1.110218408519927,-1.0796275754124427
1.1112184085199268,-1.0801086799063275
1.1122184085199267,-1.0805954346530975
1.1132184085199266,-1.081087974820163
1.114218408519927,-1.0815864402233486
1.1152184085199268,-1.082090976260265
1.1162184085199267,-1.0826017335694373
1.1172184085199266,-1.0831188687984523
1.118218408519927,-1.0836425445500393
1.1192184085199268,-1.0841729299816656
1.1202184085199267,-1.0847102008720415
1.1212184085199266,-1.08525454034481
1.122218408519927,-1.085806138725497
1.1232184085199268,-1.0863651946397155
1.1242184085199267,-1.0869319148368193
1.1252184085199266,-1.0875065151619183
1.126218408519927,-1.0880892207596922
1.1272184085199268,-1.0886802667429085
1.1282184085199267,-1.089279898890236
1.1292184085199266,-1.0898883740656544
1.130218408519927,-1.0905059611064227
1.1312184085199268,-1.0911329415850073
1.1322184085199267,-1.0917696103404657
1.1332184085199266,-1.0924162767742793
1.134218408519927,-1.0930732655763264
1.1352184085199268,-1.0937409176767883
1.1362184085199267,-1.094419591486191
1.1372184085199266,-1.0951096642282663
1.138218408519927,-1.0958115329249185
1.1392184085199268,-1.096525616197373
1.1402184085199267,-1.0972523557448084
1.1412184085199266,-1.0979922180106803
1.142218408519927,-1.0987456961259077
1.1432184085199268,-1.0995133118464757
1.1442184085199267,-1.1002956180678267
1.1452184085199266,-1.101093201302016
1.146218408519927,-1.101906684394143
1.1472184085199268,-1.1027367296275552
1.1482184085199267,-1.1035840421243066
1.1492184085199266,-1.1044493735697678
1.150218408519927,-1.1053335265838726
1.1512184085199269,-1.1062373593990786
1.1522184085199267,-1.107161791079362
1.1532184085199266,-1.10810780737483
1.154218408519927,-1.1090764674985922
1.1552184085199269,-1.1100689115715914
1.1562184085199267,-1.111086369056338
1.1572184085199266,-1.1121301683466471
1.158218408519927,-1.1132017477999676
1.1592184085199269,-1.1143026680729569
1.1602184085199267,-1.115434626624124
1.1612184085199266,-1.1165994741607759
1.162218408519927,-1.1177992334731985
1.1632184085199269,-1.1190361215536164
1.1642184085199268,-1.120312575449936
1.1652184085199266,-1.1216312822195544
1.166218408519927,-1.1229952143302748
1.1672184085199269,-1.124407671429044
1.1682184085199268,-1.1258723304566685
1.1692184085199266,-1.1273933051087448
1.170218408519927,-1.1289752176372883
1.1712184085199269,-1.1306232861370025
1.1722184085199268,-1.1323434313809324
1.1732184085199266,-1.1341424082807237
1.174218408519927,-1.136027970294438
1.1752184085199269,-1.1380090747582197
1.1762184085199268,-1.140096144977772
1.1772184085199267,-1.1423014075969193
1.178218408519927,-1.144639331635356
1.1792184085199269,-1.1471272106153059
1.1802184085199268,-1.1497859462747229
1.1812184085199267,-1.1526411257464324
1.182218408519927,-1.155724535689565
1.1832184085199269,-1.1590763515295313
1.1842184085199268,-1.1627484083778628
1.1852184085199267,-1.1668093040777283
1.1862184085199265,-1.1713528076893795
1.1872184085199269,-1.17651280602611
1.1882184085199268,-1.1824929368202108
1.1892184085199267,-1.189636023880304
1.1902184085199266,-1.1986397116324627
1.1912184085199269,-1.2117936912050578
