    Q20        Q30          EHFB        HFBROT
      0         -0  -1746.722695  -1746.942802
      0       6000  -1745.318656  -1749.501179
      0      12000  -1740.415187  -1744.007035
      0      18000  -1737.546436  -1740.743921
      0      24000  -1733.971637  -1737.093167
      0      30000  -1729.148144  -1732.421653
      0      36000  -1728.620690  -1734.157655
      0      42000  -1726.598456  -1732.082207
      0      48000  -1722.424687  -1727.585618
      0      54000  -1717.246099  -1722.643659
      0      60000  -1713.176320  -1718.655580
    400         -0  -1748.992683  -1752.345317
    400       6000  -1747.583937  -1751.558315
    400      12000  -1740.061901  -1743.795379
    400      18000  -1736.839831  -1740.341366
    400      24000  -1734.072251  -1737.203652
    400      30000  -1731.133271  -1734.010217
    400      36000  -1728.663606  -1734.473704
    400      42000  -1727.460456  -1733.144500
    400      48000  -1726.473327  -1731.966420
    400      54000  -1723.689915  -1729.061736
    400      60000  -1718.904643  -1724.313877
    800         -0  -1754.932051  -1757.784661
    800       6000  -1753.982012  -1757.397654
    800      12000  -1744.506423  -1748.298724
    800      18000  -1738.004616  -1741.466007
    800      24000  -1733.942395  -1737.284937
    800      30000  -1730.757755  -1733.828944
    800      36000  -1729.125057  -1735.070257
    800      42000  -1728.263460  -1734.175032
    800      48000  -1727.177634  -1732.735074
    800      54000  -1724.882429  -1730.421655
    800      60000  -1723.027700  -1728.464594
   1200          0  -1758.585750  -1761.525681
   1200       6000  -1757.408824  -1760.833555
   1200      12000  -1750.839629  -1754.104820
   1200      18000  -1744.251204  -1747.687257
   1200      24000  -1736.969927  -1740.610207
   1200      30000  -1731.425882  -1734.585165
   1200      36000  -1730.157635  -1736.584974
   1200      42000  -1729.252599  -1735.418287
   1200      48000  -1727.335275  -1733.225824
   1200      54000  -1726.826266  -1732.557425
   1200      60000  -1724.087064  -1729.730074
   1600          0  -1755.399153  -1758.800210
   1600       6000  -1755.055449  -1758.763730
   1600      12000  -1751.896036  -1755.244120
   1600      18000  -1748.925321  -1752.110471
   1600      24000  -1743.660765  -1746.796272
   1600      30000  -1736.569751  -1739.871850
   1600      36000  -1729.336182  -1732.724038
   1600      42000  -1728.982301  -1735.370689
   1600      48000  -1728.344377  -1734.587446
   1600      54000  -1726.787239  -1732.762671
   1600      60000  -1724.744867  -1730.606221
   2000         -0  -1750.816752  -1754.292937
   2000       6000  -1750.162041  -1753.914612
   2000      12000  -1749.208158  -1753.602476
   2000      18000  -1747.165597  -1750.498181
   2000      24000  -1745.877336  -1749.042033
   2000      30000  -1742.234313  -1745.226941
   2000      36000  -1736.174788  -1739.148208
   2000      42000  -1728.756025  -1731.959579
   2000      48000  -1727.235971  -1733.547640
   2000      54000  -1726.537457  -1732.788740
   2000      60000  -1725.524577  -1731.613884
   2400         -0  -1749.991270  -1753.561701
   2400       6000  -1747.468878  -1751.176894
   2400      12000  -1744.318968  -1748.709985
   2400      18000  -1743.312253  -1748.264057
   2400      24000  -1742.103574  -1745.176248
   2400      30000  -1741.402685  -1744.543843
   2400      36000  -1739.515530  -1742.435776
   2400      42000  -1735.321100  -1738.309064
   2400      48000  -1729.739815  -1734.775547
   2400      54000  -1726.327948  -1732.392385
   2400      60000  -1724.708211  -1730.985248
   2800         -0  -1750.961196  -1754.766122
   2800       6000  -1747.351860  -1751.113701
   2800      12000  -1742.396281  -1746.651681
   2800      18000  -1739.180711  -1744.099293
   2800      24000  -1738.262324  -1743.902376
   2800      30000  -1737.717226  -1743.247967
   2800      36000  -1737.746556  -1743.270269
   2800      42000  -1737.276719  -1742.622947
   2800      48000  -1735.629067  -1740.680088
   2800      54000  -1731.752142  -1737.247519
   2800      60000  -1726.569636  -1732.501026
   3200          0  -1752.623733  -1756.482129
   3200       6000  -1748.724369  -1752.602860
   3200      12000  -1742.432374  -1746.634576
   3200      18000  -1736.375324  -1741.198972
   3200      24000  -1734.086610  -1739.549974
   3200      30000  -1735.087318  -1740.649347
   3200      36000  -1736.048570  -1741.610456
   3200      42000  -1736.227613  -1741.735233
   3200      48000  -1736.133443  -1741.689131
   3200      54000  -1735.682675  -1741.138929
   3200      60000  -1732.649859  -1738.170107
   3600          0  -1754.082445  -1757.931025
   3600       6000  -1750.848007  -1754.792421
   3600      12000  -1743.220065  -1747.508106
   3600      18000  -1735.860120  -1740.624314
   3600      24000  -1731.744339  -1736.977040
   3600      30000  -1731.275728  -1736.734802
   3600      36000  -1732.441524  -1737.840637
   3600      42000  -1733.379398  -1738.757907
   3600      48000  -1733.670678  -1739.182245
   3600      54000  -1733.736841  -1739.301940
   3600      60000  -1733.735488  -1739.212228
   4000         -0  -1755.121662  -1758.954182
   4000       6000  -1752.762354  -1756.710577
   4000      12000  -1745.635772  -1749.923879
   4000      18000  -1736.986272  -1741.710429
   4000      24000  -1730.725415  -1735.899722
   4000      30000  -1727.684747  -1733.000949
   4000      36000  -1728.520434  -1733.883029
   4000      42000  -1729.323727  -1734.732941
   4000      48000  -1731.165419  -1737.300909
   4000      54000  -1730.731359  -1736.197294
   4000      60000  -1730.083488  -1735.565099
   4400          0  -1753.805874  -1757.907527
   4400       6000  -1752.833556  -1756.971376
   4400      12000  -1748.148256  -1752.445760
   4400      18000  -1739.579694  -1744.227218
   4400      24000  -1731.381467  -1736.457034
   4400      30000  -1726.682414  -1732.091897
   4400      36000  -1724.299398  -1730.229731
   4400      42000  -1724.992123  -1730.382226
   4400      48000  -1730.684273  -1736.578747
   4400      54000  -1733.038019  -1739.040352
   4400      60000  -1729.593119  -1735.663362
   4800          0  -1752.052615  -1756.274715
   4800       6000  -1752.020001  -1756.245952
   4800      12000  -1749.558038  -1753.895139
   4800      18000  -1742.588291  -1747.184835
   4800      24000  -1733.421423  -1738.389785
   4800      30000  -1727.484859  -1732.775062
   4800      36000  -1723.309670  -1729.070062
   4800      42000  -1722.009538  -1728.068038
   4800      48000  -1726.967352  -1732.750312
   4800      54000  -1732.492570  -1738.315688
   4800      60000  -1733.468844  -1739.341352
   5200          0  -1750.057062  -1754.364290
   5200       6000  -1750.499554  -1754.801819
   5200      12000  -1749.661953  -1754.048407
   5200      18000  -1744.641602  -1749.266448
   5200      24000  -1736.372675  -1741.303810
   5200      30000  -1729.008447  -1734.238663
   5200      36000  -1723.835137  -1729.446362
   5200      42000  -1720.901677  -1726.815350
   5200      48000  -1720.085896  -1725.708218
   5200      54000  -1729.012078  -1734.783004
   5200      60000  -1734.001777  -1739.775043
   5600          0  -1747.840176  -1752.294434
   5600       6000  -1748.944273  -1753.342654
   5600      12000  -1749.636147  -1754.029172
   5600      18000  -1746.029838  -1750.645161
   5600      24000  -1739.466210  -1744.342899
   5600      30000  -1731.457267  -1736.629220
   5600      36000  -1725.780901  -1731.161786
   5600      42000  -1721.223438  -1727.000849
   5600      48000  -1718.601656  -1724.606420
   5600      54000  -1722.815383  -1728.363438
   5600      60000  -1730.261685  -1735.986323
   6000          0  -1745.969485  -1750.493602
   6000       6000  -1747.410919  -1751.921980
   6000      12000  -1749.702338  -1754.151865
   6000      18000  -1747.378699  -1751.964050
   6000      24000  -1741.459115  -1746.325298
   6000      30000  -1734.221334  -1739.356861
   6000      36000  -1728.079334  -1733.382808
   6000      42000  -1722.449645  -1727.956603
   6000      48000  -1718.893216  -1724.778624
   6000      54000  -1718.472518  -1723.968756
   6000      60000  -1725.157498  -1730.635802
   6400         -0  -1744.193553  -1748.798775
   6400       6000  -1746.058041  -1750.643237
   6400      12000  -1749.884762  -1754.339063
   6400      18000  -1748.974954  -1753.547315
   6400      24000  -1743.259720  -1748.088951
   6400      30000  -1736.564335  -1741.646900
   6400      36000  -1730.506692  -1735.768900
   6400      42000  -1725.000379  -1730.393724
   6400      48000  -1719.967460  -1725.757016
   6400      54000  -1716.520939  -1722.480239
   6400      60000  -1721.582249  -1727.054247
   6800         -0  -1742.580992  -1747.289500
   6800       6000  -1744.979015  -1749.596489
   6800      12000  -1749.146180  -1753.688105
   6800      18000  -1750.304872  -1754.889709
   6800      24000  -1745.478023  -1750.266641
   6800      30000  -1738.885395  -1743.899436
   6800      36000  -1732.650166  -1737.872822
   6800      42000  -1727.466800  -1732.837051
   6800      48000  -1722.100384  -1727.810909
   6800      54000  -1717.660994  -1723.544902
   6800      60000  -1718.675409  -1724.117094
   7200          0  -1741.338597  -1746.127702
   7200       6000  -1744.127130  -1748.797702
   7200      12000  -1748.112140  -1752.732094
   7200      18000  -1750.859874  -1755.479724
   7200      24000  -1747.784779  -1752.540308
   7200      30000  -1741.421563  -1746.390240
   7200      36000  -1734.515352  -1739.748446
   7200      42000  -1730.049591  -1735.398517
   7200      48000  -1724.890744  -1730.506746
   7200      54000  -1719.710845  -1725.500460
   7200      60000  -1716.687139  -1722.088337
   7600         -0  -1740.681689  -1745.508836
   7600       6000  -1743.517683  -1748.242902
   7600      12000  -1747.223618  -1751.899636
   7600      18000  -1750.566124  -1755.238414
   7600      24000  -1749.582374  -1754.322856
   7600      30000  -1744.132162  -1749.064198
   7600      36000  -1737.582421  -1742.702419
   7600      42000  -1732.083084  -1737.401004
   7600      48000  -1727.722474  -1733.159207
   7600      54000  -1722.405019  -1728.084308
   7600      60000  -1717.059988  -1722.757987
   8000         -0  -1741.674362  -1746.462650
   8000       6000  -1743.346512  -1748.113756
   8000      12000  -1746.532641  -1751.262182
   8000      18000  -1749.751203  -1754.472328
   8000      24000  -1750.664766  -1755.404859
   8000      30000  -1746.469973  -1751.372411
   8000      36000  -1740.922636  -1745.978899
   8000      42000  -1734.091731  -1739.394357
   8000      48000  -1730.279706  -1735.671291
   8000      54000  -1725.682412  -1731.180992
   8000      60000  -1720.182728  -1725.834092
   8400          0  -1743.171996  -1747.976061
   8400       6000  -1743.796279  -1748.592221
   8400      12000  -1746.080926  -1750.849165
   8400      18000  -1748.800601  -1753.560933
   8400      24000  -1751.225573  -1755.971753
   8400      30000  -1748.105415  -1752.977683
   8400      36000  -1743.861589  -1748.876706
   8400      42000  -1737.546427  -1742.751718
   8400      48000  -1732.204102  -1737.567062
   8400      54000  -1728.504255  -1733.959544
   8400      60000  -1723.798127  -1729.359163
   8800          0  -1744.760663  -1749.574617
   8800       6000  -1744.682472  -1749.502861
   8800      12000  -1745.710065  -1750.518070
   8800      18000  -1747.955775  -1752.746859
   8800      24000  -1751.326638  -1756.086776
   8800      30000  -1749.529974  -1754.348246
   8800      36000  -1745.957582  -1750.947206
   8800      42000  -1740.966953  -1746.089852
   8800      48000  -1734.421068  -1739.740205
   8800      54000  -1730.642132  -1736.068701
   8800      60000  -1726.849236  -1732.351921
   9200          0  -1746.025880  -1750.863816
   9200       6000  -1745.594858  -1750.438212
   9200      12000  -1745.487814  -1750.338808
   9200      18000  -1747.234992  -1752.056706
   9200      24000  -1750.983891  -1755.764828
   9200      30000  -1751.011218  -1755.782060
   9200      36000  -1747.274415  -1752.228350
   9200      42000  -1743.639832  -1748.722387
   9200      48000  -1737.424084  -1742.646091
   9200      54000  -1732.795829  -1738.177436
   9200      60000  -1729.031537  -1734.516309
   9600          0  -1746.909599  -1751.782638
   9600       6000  -1746.325259  -1751.200743
   9600      12000  -1745.412393  -1750.290958
   9600      18000  -1746.613364  -1751.458133
   9600      24000  -1750.349775  -1755.153574
   9600      30000  -1751.921800  -1756.697174
   9600      36000  -1748.156627  -1753.084786
   9600      42000  -1745.416694  -1750.461126
   9600      48000  -1740.731693  -1745.885962
   9600      54000  -1735.235238  -1740.558651
   9600      60000  -1731.303857  -1736.747592
  10000          0  -1747.638191  -1752.538042
  10000       6000  -1746.897606  -1751.812014
  10000      12000  -1745.279419  -1750.200275
  10000      18000  -1746.026530  -1750.887352
  10000      24000  -1749.571699  -1754.399972
  10000      30000  -1752.086550  -1756.898822
  10000      36000  -1749.357215  -1754.260340
  10000      42000  -1746.530762  -1751.539022
  10000      48000  -1743.106277  -1748.231466
  10000      54000  -1737.408264  -1742.642179
  10000      60000  -1733.829491  -1739.220178
  10400          0  -1748.326678  -1753.247222
  10400       6000  -1747.441961  -1752.387014
  10400      12000  -1745.246829  -1750.225050
  10400      18000  -1745.489526  -1750.368346
  10400      24000  -1748.721644  -1753.578018
  10400      30000  -1751.763256  -1756.612839
  10400      36000  -1750.841575  -1755.715559
  10400      42000  -1747.201174  -1752.188975
  10400      48000  -1744.628770  -1749.726138
  10400      54000  -1740.392807  -1745.580658
  10400      60000  -1736.111317  -1741.475961
  10800          0  -1749.004194  -1753.946657
  10800       6000  -1748.066769  -1753.040160
  10800      12000  -1745.721389  -1750.738847
  10800      18000  -1745.039708  -1749.929354
  10800      24000  -1747.948226  -1752.839798
  10800      30000  -1751.226936  -1756.117260
  10800      36000  -1751.853161  -1756.723992
  10800      42000  -1747.952780  -1752.939102
  10800      48000  -1745.568861  -1750.641872
  10800      54000  -1742.528914  -1747.707464
  10800      60000  -1737.532266  -1742.890066
  11200         -0  -1749.493769  -1754.463400
  11200       6000  -1748.690999  -1753.680290
  11200      12000  -1746.459445  -1751.489550
  11200      18000  -1744.669456  -1749.575494
  11200      24000  -1747.381683  -1752.290121
  11200      30000  -1750.610629  -1755.523563
  11200      36000  -1752.276376  -1757.157445
  11200      42000  -1749.252669  -1754.213337
  11200      48000  -1746.136008  -1751.207209
  11200      54000  -1744.098159  -1749.265642
  11200      60000  -1740.232372  -1745.470998
  11600          0  -1749.669912  -1754.676124
  11600       6000  -1749.113051  -1754.118876
  11600      12000  -1747.107394  -1752.144387
  11600      18000  -1746.528086  -1751.099540
  11600      24000  -1746.934463  -1751.856715
  11600      30000  -1749.934952  -1754.868078
  11600      36000  -1752.215902  -1757.125942
  11600      42000  -1750.620961  -1755.574383
  11600      48000  -1747.132731  -1752.133407
  11600      54000  -1745.461854  -1750.597054
  11600      60000  -1742.549064  -1747.774194
  12000         -0  -1749.675828  -1754.709308
  12000       6000  -1749.318468  -1754.339983
  12000      12000  -1747.596061  -1752.636476
  12000      18000  -1749.583945  -1754.147499
  12000      24000  -1747.484874  -1752.136326
  12000      30000  -1749.275119  -1754.229583
  12000      36000  -1751.890685  -1756.830274
  12000      42000  -1751.784479  -1756.723524
  12000      48000  -1748.730469  -1753.696634
  12000      54000  -1746.690318  -1751.793106
  12000      60000  -1744.448115  -1749.645417
  12400         -0  -1749.590110  -1754.640847
  12400       6000  -1749.342390  -1754.378650
  12400      12000  -1748.646009  -1753.223883
  12400      18000  -1752.345410  -1756.899593
  12400      24000  -1751.071085  -1755.719852
  12400      30000  -1748.727097  -1753.694037
  12400      36000  -1751.433777  -1756.392169
  12400      42000  -1752.442433  -1757.381981
  12400      48000  -1750.061657  -1755.036427
  12400      54000  -1747.559010  -1752.644397
  12400      60000  -1746.319339  -1751.466871
  12800          0  -1749.427181  -1754.490370
  12800       6000  -1749.214397  -1754.264816
  12800      12000  -1750.514003  -1755.097427
  12800      18000  -1754.763498  -1759.300561
  12800      24000  -1754.381401  -1759.022839
  12800      30000  -1751.107374  -1755.755189
  12800      36000  -1750.956438  -1755.915156
  12800      42000  -1752.593464  -1757.553433
  12800      48000  -1751.381415  -1756.353657
  12800      54000  -1748.534057  -1753.560441
  12800      60000  -1747.733535  -1752.853237
  13200         -0  -1749.177082  -1754.251579
  13200       6000  -1748.969779  -1754.034524
  13200      12000  -1752.257947  -1756.844288
  13200      18000  -1756.828185  -1761.375380
  13200      24000  -1757.415856  -1762.047748
  13200      30000  -1754.480020  -1759.136326
  13200      36000  -1751.567126  -1756.168536
  13200      42000  -1752.537071  -1757.507835
  13200      48000  -1752.368978  -1757.339837
  13200      54000  -1749.930455  -1754.937225
  13200      60000  -1748.455353  -1753.562720
  13600          0  -1748.799623  -1753.889682
  13600       6000  -1749.183928  -1753.918299
  13600      12000  -1753.892393  -1758.480566
  13600      18000  -1758.672183  -1763.236325
  13600      24000  -1760.175712  -1764.797672
  13600      30000  -1757.775785  -1762.436136
  13600      36000  -1754.695872  -1759.331739
  13600      42000  -1752.772602  -1757.751185
  13600      48000  -1752.912272  -1757.895883
  13600      54000  -1751.281235  -1756.290472
  13600      60000  -1749.922799  -1754.529412
  14000         -0  -1748.834804  -1753.466877
  14000       6000  -1751.363034  -1756.096408
  14000      12000  -1755.434489  -1760.026306
  14000      18000  -1760.349040  -1764.927588
  14000      24000  -1762.672340  -1767.280822
  14000      30000  -1760.956106  -1765.617031
  14000      36000  -1757.780648  -1762.431353
  14000      42000  -1755.250489  -1759.870547
  14000      48000  -1753.434101  -1758.058231
  14000      54000  -1752.417690  -1757.037256
  14000      60000  -1752.076910  -1756.687549
  14400         -0  -1751.070192  -1755.707762
  14400       6000  -1753.471497  -1758.203049
  14400      12000  -1756.936240  -1761.537375
  14400      18000  -1761.889908  -1766.480658
  14400      24000  -1764.914276  -1769.496841
  14400      30000  -1763.904209  -1768.562506
  14400      36000  -1760.805876  -1765.464307
  14400      42000  -1758.148323  -1762.786116
  14400      48000  -1756.108363  -1760.732248
  14400      54000  -1754.834682  -1759.460408
  14400      60000  -1754.246775  -1758.864941
  14800          0  -1753.221472  -1757.864210
  14800       6000  -1755.508944  -1760.237312
  14800      12000  -1758.681203  -1763.403277
  14800      18000  -1763.314225  -1767.915440
  14800      24000  -1766.818565  -1771.371379
  14800      30000  -1766.615703  -1771.268343
  14800      36000  -1763.765636  -1768.428277
  14800      42000  -1761.010841  -1765.658844
  14800      48000  -1758.782181  -1763.410481
  14800      54000  -1757.268187  -1761.898585
  14800      60000  -1756.436217  -1761.061916
  15200          0  -1755.292940  -1759.940251
  15200       6000  -1757.475898  -1762.204251
  15200      12000  -1760.418306  -1765.144604
  15200      18000  -1764.635220  -1769.244238
  15200      24000  -1768.441396  -1773.000881
  15200      30000  -1769.092718  -1773.737775
  15200      36000  -1766.657872  -1771.322996
  15200      42000  -1763.814979  -1768.469847
  15200      48000  -1761.450893  -1766.095889
  15200      54000  -1759.714540  -1764.349383
  15200      60000  -1758.646099  -1763.278213
  15600         -0  -1757.289422  -1761.936131
  15600       6000  -1759.375735  -1764.106055
  15600      12000  -1762.125153  -1766.853767
  15600      18000  -1765.870913  -1770.484966
  15600      24000  -1769.889756  -1774.465486
  15600      30000  -1771.344835  -1775.980438
  15600      36000  -1769.473985  -1774.139651
  15600      42000  -1766.559268  -1771.219883
  15600      48000  -1764.107993  -1768.755402
  15600      54000  -1762.170248  -1766.811347
  15600      60000  -1760.875101  -1765.512565
  16000         -0  -1759.215342  -1763.865780
  16000       6000  -1761.214629  -1765.939030
  16000      12000  -1763.793913  -1768.523901
  16000      18000  -1767.109393  -1771.798614
  16000      24000  -1771.204550  -1775.797491
  16000      30000  -1773.368495  -1777.988603
  16000      36000  -1772.110312  -1776.774232
  16000      42000  -1769.243022  -1773.907332
  16000      48000  -1766.730922  -1771.382901
  16000      54000  -1764.631698  -1769.280099
  16000      60000  -1763.120454  -1767.762718
  16400         -0  -1761.072781  -1765.723349
  16400       6000  -1762.991497  -1767.716779
  16400      12000  -1765.422905  -1770.153757
  16400      18000  -1768.458652  -1773.162591
  16400      24000  -1772.413451  -1777.022705
  16400      30000  -1775.103954  -1779.689568
  16400      36000  -1774.535274  -1779.194393
  16400      42000  -1771.867933  -1776.535010
  16400      48000  -1769.298109  -1773.954653
  16400      54000  -1767.090898  -1771.744304
  16400      60000  -1765.379061  -1770.025853
  16800          0  -1762.865005  -1767.520606
  16800       6000  -1764.708868  -1769.431633
  16800      12000  -1767.011618  -1771.742962
  16800      18000  -1769.824129  -1774.536139
  16800      24000  -1773.531970  -1778.157431
  16800      30000  -1776.539074  -1781.103582
  16800      36000  -1776.754566  -1781.407464
  16800      42000  -1774.433219  -1779.101535
  16800      48000  -1771.804144  -1776.465087
  16800      54000  -1769.529087  -1774.184995
  16800      60000  -1767.654329  -1772.306899
  17200          0  -1764.593268  -1769.255480
  17200       6000  -1766.373390  -1771.097480
  17200      12000  -1768.559281  -1773.290308
  17200      18000  -1771.182868  -1775.899380
  17200      24000  -1774.574372  -1779.214723
  17200      30000  -1777.807884  -1782.383162
  17200      36000  -1778.771576  -1783.417099
  17200      42000  -1776.934794  -1781.603408
  17200      48000  -1774.250322  -1778.914809
  17200      54000  -1771.933968  -1776.591162
  17200      60000  -1769.933528  -1774.590872
  17600          0  -1766.262114  -1770.927324
  17600       6000  -1767.982372  -1772.704539
  17600      12000  -1770.063980  -1774.795162
  17600      18000  -1772.521304  -1777.241470
  17600      24000  -1775.590855  -1780.260272
  17600      30000  -1778.949224  -1783.541084
  17600      36000  -1780.585466  -1785.220983
  17600      42000  -1779.283290  -1783.949709
  17600      48000  -1776.645521  -1781.311967
  17600      54000  -1774.288753  -1778.948081
  17600      60000  -1772.203524  -1776.863171
  18000          0  -1767.879239  -1772.550467
  18000       6000  -1769.538430  -1774.262252
  18000      12000  -1771.521735  -1776.253633
  18000      18000  -1773.840339  -1778.561362
  18000      24000  -1776.660400  -1781.347570
  18000      30000  -1779.991959  -1784.602901
  18000      36000  -1782.126059  -1786.733913
  18000      42000  -1781.445578  -1786.106099
  18000      48000  -1778.989297  -1783.657259
  18000      54000  -1776.585221  -1781.247563
  18000      60000  -1774.460922  -1779.120755
  18400          0  -1769.443545  -1774.120426
  18400       6000  -1771.047639  -1775.768035
  18400      12000  -1772.948347  -1777.678693
  18400      18000  -1775.141240  -1779.864378
  18400      24000  -1777.749469  -1782.447280
  18400      30000  -1780.959137  -1785.586391
  18400      36000  -1783.389681  -1787.968863
  18400      42000  -1783.431630  -1788.086113
  18400      48000  -1781.279984  -1785.948583
  18400      54000  -1778.838105  -1783.502656
  18400      60000  -1776.679264  -1781.339236
  18800          0  -1770.958425  -1775.641973
  18800       6000  -1772.510379  -1777.230375
  18800      12000  -1774.333027  -1779.064281
  18800      18000  -1776.407962  -1781.132320
  18800      24000  -1778.847308  -1783.551630
  18800      30000  -1781.862405  -1786.506376
  18800      36000  -1784.494610  -1789.078028
  18800      42000  -1785.242665  -1789.889928
  18800      48000  -1783.516899  -1788.184954
  18800      54000  -1781.040338  -1785.707103
  18800      60000  -1778.846498  -1783.507432
  19200          0  -1772.427074  -1777.116366
  19200       6000  -1773.932625  -1778.652550
  19200      12000  -1775.675090  -1780.405522
  19200      18000  -1777.655731  -1782.380735
  19200      24000  -1779.940383  -1784.649801
  19200      30000  -1782.714185  -1787.374179
  19200      36000  -1785.494561  -1790.090523
  19200      42000  -1786.877854  -1791.516266
  19200      48000  -1785.620587  -1790.285405
  19200      54000  -1783.193399  -1787.861267
  19200      60000  -1780.960297  -1785.623092
  19600          0  -1773.850372  -1778.544780
  19600       6000  -1775.308678  -1780.030890
  19600      12000  -1776.985258  -1781.716777
  19600      18000  -1778.866258  -1783.592167
  19600      24000  -1781.016083  -1785.728920
  19600      30000  -1783.578950  -1788.255016
  19600      36000  -1786.408662  -1791.021092
  19600      42000  -1788.232695  -1792.851237
  19600      48000  -1787.558979  -1792.219331
  19600      54000  -1785.300865  -1789.969411
  19600      60000  -1783.051015  -1787.716010
  20000          0  -1775.233038  -1779.931936
  20000       6000  -1776.645598  -1781.365017
  20000      12000  -1778.251685  -1782.983121
  20000      18000  -1780.039540  -1784.766286
  20000      24000  -1782.084867  -1786.799816
  20000      30000  -1784.476101  -1789.163540
  20000      36000  -1787.254534  -1791.883314
  20000      42000  -1789.319910  -1793.913679
  20000      48000  -1789.337231  -1793.991556
  20000      54000  -1787.373543  -1792.041947
  20000      60000  -1785.097746  -1789.764663
  20400          0  -1776.573940  -1781.273520
  20400       6000  -1777.944390  -1782.664751
  20400      12000  -1779.477335  -1784.209478
  20400      18000  -1781.209841  -1785.935838
  20400      24000  -1783.147805  -1787.865196
  20400      30000  -1785.380984  -1790.076127
  20400      36000  -1788.040025  -1792.681611
  20400      42000  -1790.279793  -1794.875980
  20400      48000  -1790.956227  -1795.603531
  20400      54000  -1789.395732  -1794.062709
  20400      60000  -1787.097302  -1791.765272
  20800          0  -1777.875462  -1782.579702
  20800       6000  -1779.199765  -1783.921526
  20800      12000  -1780.690723  -1785.422161
  20800      18000  -1782.346332  -1787.073168
  20800      24000  -1784.182965  -1788.902100
  20800      30000  -1786.282336  -1790.982854
  20800      36000  -1788.777220  -1793.431696
  20800      42000  -1791.149287  -1795.754280
  20800      48000  -1792.406764  -1797.045464
  20800      54000  -1791.275329  -1795.938986
  20800      60000  -1789.051994  -1793.720569
  21200          0  -1779.139172  -1783.839890
  21200       6000  -1780.413079  -1785.138585
  21200      12000  -1781.864862  -1786.597255
  21200      18000  -1783.444599  -1788.172194
  21200      24000  -1785.189850  -1789.910162
  21200      30000  -1787.176863  -1791.881681
  21200      36000  -1789.500984  -1794.169441
  21200      42000  -1791.938499  -1796.557497
  21200      48000  -1793.562164  -1798.183220
  21200      54000  -1793.003273  -1797.662303
  21200      60000  -1790.964930  -1795.633526
  21600          0  -1780.361879  -1785.064944
  21600       6000  -1781.604485  -1786.342523
  21600      12000  -1782.999655  -1787.732208
  21600      18000  -1784.516350  -1789.243222
  21600      24000  -1786.190380  -1790.911289
  21600      30000  -1788.069299  -1792.777239
  21600      36000  -1790.242193  -1794.920453
  21600      42000  -1792.677298  -1797.309192
  21600      48000  -1794.483343  -1799.091407
  21600      54000  -1794.584832  -1799.237902
  21600      60000  -1792.854903  -1797.522957
  22000          0  -1781.542150  -1786.249419
  22000       6000  -1782.766836  -1787.505498
  22000      12000  -1784.103653  -1788.835830
  22000      18000  -1785.568336  -1790.295654
  22000      24000  -1787.163592  -1791.885278
  22000      30000  -1788.947817  -1793.658178
  22000      36000  -1790.991436  -1795.676860
  22000      42000  -1793.366850  -1798.010302
  22000      48000  -1795.311236  -1799.922088
  22000      54000  -1796.021301  -1800.667430
  22000      60000  -1794.662264  -1799.327960
  22400          0  -1782.703156  -1787.450276
  22400       6000  -1783.892183  -1788.630886
  22400      12000  -1785.182726  -1789.915581
  22400      18000  -1786.590134  -1791.317598
  22400      24000  -1788.119468  -1792.841308
  22400      30000  -1789.814802  -1794.526766
  22400      36000  -1791.742645  -1796.433786
  22400      42000  -1794.005459  -1798.657590
  22400      48000  -1796.065733  -1800.683920
  22400      54000  -1797.288891  -1801.926140
  22400      60000  -1796.323913  -1800.985827
  22800          0  -1783.835176  -1788.582178
  22800       6000  -1784.981993  -1789.720990
  22800      12000  -1786.229373  -1790.962168
  22800      18000  -1787.583453  -1792.311194
  22800      24000  -1789.046838  -1793.768907
  22800      30000  -1790.664158  -1795.377142
  22800      36000  -1792.492579  -1797.187489
  22800      42000  -1794.613914  -1799.277759
  22800      48000  -1796.753011  -1801.380880
  22800      54000  -1798.244515  -1802.862986
  22800      60000  -1797.848085  -1802.504865
  23200          0  -1784.933255  -1789.680100
  23200       6000  -1786.038247  -1790.776733
  23200      12000  -1787.245567  -1791.978602
  23200      18000  -1788.542890  -1793.270427
  23200      24000  -1789.947002  -1794.668818
  23200      30000  -1791.496445  -1796.209773
  23200      36000  -1793.238683  -1797.937668
  23200      42000  -1795.236393  -1799.909046
  23200      48000  -1797.388383  -1802.025147
  23200      54000  -1799.003198  -1803.619720
  23200      60000  -1799.240920  -1803.891275
  23600          0  -1785.999412  -1790.746321
  23600       6000  -1787.074103  -1791.811919
  23600      12000  -1788.229679  -1792.962872
  23600      18000  -1789.471964  -1794.199993
  23600      24000  -1790.822544  -1795.543709
  23600      30000  -1792.312371  -1797.025551
  23600      36000  -1793.980052  -1798.681031
  23600      42000  -1795.862872  -1800.542226
  23600      48000  -1797.970435  -1802.614772
  23600      54000  -1799.700057  -1804.322120
  23600      60000  -1800.504074  -1805.147154
  24000          0  -1787.034986  -1791.781816
  24000       6000  -1788.080313  -1792.818394
  24000      12000  -1789.185454  -1793.918049
  24000      18000  -1790.375857  -1795.103536
  24000      24000  -1791.677131  -1796.398019
  24000      30000  -1793.112901  -1797.825968
  24000      36000  -1794.712447  -1799.414815
  24000      42000  -1796.502808  -1801.187488
  24000      48000  -1798.525163  -1803.177562
  24000      54000  -1800.351296  -1804.978336
  24000      60000  -1801.565176  -1806.197384
  24400          0  -1788.039676  -1792.786100
  24400       6000  -1789.054962  -1793.792557
  24400      12000  -1790.116420  -1794.848130
  24400      18000  -1791.260121  -1795.986958
  24400      24000  -1792.514623  -1797.234873
  24400      30000  -1793.899125  -1798.612085
  24400      36000  -1795.434309  -1800.137604
  24400      42000  -1797.140841  -1801.829126
  24400      48000  -1799.051037  -1803.712192
  24400      54000  -1800.946563  -1805.580194
  24400      60000  -1802.314250  -1806.935241
  24800          0  -1789.017781  -1793.764419
  24800       6000  -1789.999870  -1794.736899
  24800      12000  -1791.025390  -1795.755994
  24800      18000  -1792.129838  -1796.854237
  24800      24000  -1793.341738  -1798.060877
  24800      30000  -1794.674249  -1799.387045
  24800      36000  -1796.144516  -1800.848895
  24800      42000  -1797.772120  -1802.463218
  24800      48000  -1799.579404  -1804.248161
  24800      54000  -1801.489450  -1806.128950
  24800      60000  -1802.955675  -1807.578396
